0,1,2,3,4,5,6,7,8,9,10,11,12,13,14,15,16,17,18,19,20,21,22,23,24,25,26,27,28,29,30,31,32,33,34,35,36,37,38,39,40,41,42,43,44,45,46,47,48,49,50,51,52,53,54,55,56,57,58,59,60,61,62,63,64,65,66,67,68,69,70,71,72,73,74,75,76,77,78,79,80,81,82,83,84,85,86,87,88,89,90,91,92,93,94,95,96,97,98,99,100
0.0,74.20201161495224,59.556892959117455,42.22729930657633,81.24948798526782,77.34542265204432,74.52555734884169,76.42161420095951,55.647748725662765,115.86783242794206,65.46605189381378,99.1277007001925,70.15220606647816,126.45039485230961,67.25573748394555,100.67447984125832,106.74616609457873,99.5071462238466,34.67192007408405,106.40104274255683,87.07585004928353,83.69780955081977,71.91746543134234,84.87039354608258,96.22462148036792,83.09504657776783,64.51398063822266,48.601001543773144,104.65179477269612,106.57579137738364,91.17415778761513,80.30764694066767,67.51696770618575,64.77965413880618,86.99677770123077,37.37310317646481,96.22606238124393,93.9591833665959,46.9818496485372,67.64228711606437,109.52476640172348,69.11723549791978,69.6360159806611,40.93355200452454,99.05686977427487,88.60652069957494,89.12038008476011,86.15003969949963,73.95354424902673,103.6724087317271,51.92417622893268,79.08574884672905,85.5722018730756,39.45466939806622,121.02676143627183,37.54183727668992,55.23726919311776,54.6037065020676,56.188006844980166,111.00826230449083,45.985758917861965,62.84709713627265,76.25415201999591,67.58745989223472,46.2207768934192,56.88410501769124,65.83894138845947,59.50895438480279,96.84024608783315,133.99608793366855,86.98528854250627,40.79877308391074,70.50455361545579,115.90485373493662,76.19037196430438,46.5726677837489,81.63224723871382,57.37364096121935,69.09722741232783,61.36331539517037,75.0380608134556,81.84820365608712,107.07403784719163,68.70034670878867,97.75808327193214,66.65224453796681,104.60658775078588,62.71257473584599,100.39292213580633,70.16634635491012,80.56856950355835,103.35488309296481,33.2511478788012,80.15331739392809,38.70749171642282,60.06071869991211,74.64291460936516,119.82197790606959,65.7158166049545,79.3064878093754,81.29424114555478
74.20201161495224,0.0,38.00409649961067,32.11651388462223,18.755637253205165,47.421278823235774,42.128841109884185,53.64335741041035,49.900871213987706,48.2985714867055,11.247445260062502,67.48618766973219,64.75535061332637,54.60774224578262,39.88058140803553,61.63643264504562,39.889916873063996,44.805543961523185,45.477163504363965,51.82141840658337,44.28960542221881,11.481366938737057,77.18227396236797,68.35508654785954,49.82614520644104,48.39423123499446,18.90635119680305,65.42449054180399,42.56833472913814,54.07482121673453,42.10757939117241,51.32101807437418,13.575889642730148,10.86425004173285,71.3145318110513,58.429587499064354,26.584710793503415,66.11097911191824,53.61887301021519,58.204407868489156,43.038491261542134,25.561734963629775,34.80952943381722,60.53671309207121,32.584873065085176,42.772928551709086,55.02326992211084,56.27744347345621,46.1184024665791,61.68386804755165,54.24972159170874,49.08380622328168,45.080906103155236,58.505908675806815,51.900263012540194,42.625659756768535,36.487731100284385,19.610025378762572,50.73871202106746,36.837611075467535,37.3246480528822,20.11287612105629,34.552064443636525,17.532760522106667,29.07789450127281,17.44113387966074,31.684890554905994,41.72334873869537,60.55412427073852,86.26030562359315,54.06102934931854,33.40907215785279,40.00057543550708,41.92459244220656,28.319040962300786,43.08952031118924,19.801540645005648,36.74052808487665,7.8168266164667175,35.47632934576664,44.28762565846765,46.20390337260509,39.840462587968716,26.06242816037247,51.21006642749408,43.70058634609844,64.7058823060481,15.496432351930755,53.191136905361326,39.155331794187184,13.664998058830541,49.97417878026808,59.79670581699247,71.07546494191912,35.50965709314896,43.09746372018437,10.081871204511287,56.056941097749224,11.409140741162236,42.67705090140264,50.43363774340962
59.556892959117455,38.00409649961067,0.0,29.47344031376558,55.86958882831857,19.07143431444566,15.210135985608753,21.328887109279986,12.338562008623411,60.57711241353622,27.419619644820873,42.86115026967154,27.48706728824902,74.11231484934545,7.9215829411489755,42.18481667171461,51.97034171979916,40.686775185416266,25.195810966151353,47.201156294927756,27.518968145556762,39.79544685811979,39.34251483384596,35.161546661962426,36.66789588348246,24.22820852216564,19.098004476495127,77.3673544183622,47.63374597176181,47.136896847795654,31.934516703501618,22.86227981999566,24.455990079609954,28.549868687861366,38.123439292218364,27.79010215736885,45.485907447203964,38.818600466415994,18.99758563410161,21.02775920142565,54.18544251331318,15.09078048346409,10.56232219509793,27.742827698960102,45.21447080573988,29.141908502078657,31.031154021489268,29.19282400741395,15.830241517629391,44.732437529546175,17.5821863603084,21.062687730856226,26.05716869821553,26.75116012444737,66.40810526170065,22.719890040031597,4.946007043382002,31.066160442237866,13.049182061196491,67.83329073874003,14.791279553513926,17.992344165818565,17.372800793038348,20.827524149029387,24.690315885283024,32.59947084422032,8.566661423450729,3.7275102840017693,38.79775104205448,74.97543487349635,29.03014978410882,31.62725216531144,11.057759526589852,73.72275322640543,19.665531893661154,13.124314966143944,30.23824832794041,2.7256646065898664,30.240849437389322,2.9554354471227957,16.146531226615586,22.675274558969853,52.50546902624018,14.44874718588972,38.20449892625485,9.010922208794499,46.13957912943655,23.37380748187209,40.842219646922196,10.641103286637822,33.414609331427,44.10386486528727,31.083169528070528,35.42922774378005,33.501736125432984,5.157922370970305,30.396170235902133,62.287320046208116,40.02027676968264,19.82878689616812,23.300927097677985
42.22729930657633,32.11651388462223,29.47344031376558,0.0,42.2674235108046,48.02471226311361,43.321130874928954,50.79297534021752,35.15941693411389,75.09080017232422,23.37437883683256,71.95879478813303,53.911783110263045,84.60707506561272,36.711649697824555,70.07095810488737,65.98021307238882,62.28935130010624,16.74718095314398,69.66319842616443,53.30308375039134,41.50403224993862,63.08153200621123,64.20424787951983,61.96376432484871,52.422786394310805,24.208079961750947,47.93951814515997,65.22390443227978,70.64662866841464,55.33546389397437,52.038029198935625,26.002052553596496,22.587743285216163,67.09129063397381,32.63925943419288,54.560394081142604,68.195966115509,32.973369512720325,48.2253739908862,68.9302900062606,31.303536123765706,35.901662195170545,36.1730539250282,58.173789336186054,53.75676777335461,59.61822409742507,58.35594776978344,45.00314643014115,71.97124070462516,36.30722917277062,50.06447036986093,52.59090378693851,33.6305934947941,79.87396506821764,15.049943710038637,24.689966027222653,12.758072458467918,36.135416969835084,68.95056663015251,16.53705052062739,22.81517463633798,41.0907339033543,27.04146692655122,5.370845676882724,15.246675711869923,31.122362595375787,31.945721504248958,67.1688872925195,101.35879416063038,57.77103024140644,2.27033344514824,39.24300129045492,74.01067802105305,38.58068247778883,23.05607457896678,40.83221200741677,26.761293279914486,26.91503059138726,29.371052987358684,44.794888088014,50.5139260657578,66.21320259092471,31.11854517402817,63.575782895182655,38.48374221632125,73.93372619761256,21.105342484604076,66.1637201098736,38.54017644929863,38.805795439947815,66.88490283783752,32.3171728375474,63.2570482823118,4.59837681021,33.29607372151882,32.73740768889127,80.332198808299,25.00773080942595,47.04622085238778,52.230094645548796
81.24948798526782,18.755637253205165,55.86958882831857,42.2674235108046,0.0,66.17521463945086,60.88391518153476,72.37823067358383,67.27099780342192,58.317799955796005,28.450958811413297,85.79474120814338,83.05822190381232,59.781380013935205,58.43144817251358,79.45768978160991,51.423245645122925,60.9059287464846,58.241511164253524,67.35650645451588,62.500389603729204,25.274183616002986,95.21162625550157,87.10528743978257,67.25240989698332,67.01974533568733,36.98074310743341,60.07945537756163,56.36520927136216,69.98524983130181,59.633056103425815,70.06168797667132,31.914146453729952,27.363376527205517,90.0674343691951,72.96673858502504,38.25236433493942,84.67164455131393,69.76082173604064,76.50713530744274,54.4115721712494,44.26063274399874,53.50474987913249,75.69128859978152,45.47282861475765,60.72463440665095,73.5049457651349,74.93164731177573,64.85659568570901,79.13062731824662,71.10003768177052,67.82830940583281,63.461240446182295,73.41537999054749,60.299678288838365,55.81495849262826,53.682284128004746,30.19574561629918,68.1648280902717,35.67662074160579,52.420913785601385,37.90645859149513,53.25049582741569,36.05198163633882,41.31775167960657,27.64688892534252,50.180054691426065,59.59196330304669,78.69562552508185,101.60655352798564,72.63221552484184,42.65582052525657,58.69564920113264,38.70647717889671,46.94688795945697,58.88940420640144,37.19129068150212,54.29022669362504,25.936998542709002,53.543280497852884,63.04219887106888,64.84207053621445,51.121031582933945,44.74203918808055,68.52661138101537,62.178842292794634,82.2997989920399,32.54129927634213,70.27471706603316,57.8447991782866,30.636604635303136,65.97513037657528,73.57770190280043,89.70166321725911,44.06243887921812,61.02278178000086,28.63873337922789,67.69349879775521,17.660917925797428,61.35963839246471,69.14896367239153
77.34542265204432,47.421278823235774,19.07143431444566,48.02471226311361,66.17521463945086,0.0,5.411224442842302,7.168073439252176,22.710580069446383,51.99400687524654,39.35177126773457,23.936187398887864,22.717073691661366,67.39519144357334,11.34345487708077,23.398952455670102,44.8742652487924,28.3304393168235,43.76925404887823,33.06416564226778,12.81742455538333,44.40845975428819,35.68252955965309,21.077066045758095,20.75180063860975,5.963188648185072,30.862408530048615,95.93778215426246,38.07573118578764,31.987002664987305,19.40610954071216,4.184785335584644,34.92882850688188,40.90922419786869,23.980291043681216,42.25145062493775,43.539584095672105,20.431070935804108,32.016693363316136,17.739134155989777,46.16437258134703,22.24402263942912,13.455481980401899,40.541834118261384,40.18808591380858,15.758840092237032,12.004973661613557,10.362706582072853,3.3957115184520044,26.33467887372729,27.972553384174116,2.0426072245771647,10.523306487919402,40.600747402096665,58.09134317961474,41.52749311022069,24.009076958129537,47.10101412721028,22.518002101063615,68.22878227074793,33.84432575923244,30.75409078685054,13.281220420670838,30.70446850048929,42.9434456441962,48.00965151327196,18.0071569572061,18.029093791476207,19.801209849711753,56.65078025531213,9.966537135128185,50.24460492820873,8.910702188107699,74.11769796379564,19.728171601637655,31.0193254050667,31.771632784767135,21.747037661240988,40.723796124277946,18.664867464294574,3.3970619620189595,5.599591707807382,45.58129002106321,21.87145252204,22.01225402043409,10.734929324604257,27.353938863726036,36.36181067287356,24.435644377752066,9.704961389201326,37.56535192785786,30.002609432694896,46.202354059061385,25.1645043953399,52.253616762508564,17.316989707940685,37.676566192098065,50.67144878881089,53.14698457781568,6.236059134327755,4.235366173396918
74.52555734884169,42.128841109884185,15.210135985608753,43.321130874928954,60.88391518153476,5.411224442842302,0.0,11.714586449279485,21.59786571758166,50.331014534472224,33.94135525633361,28.791623254799024,25.865441176774052,65.27068953313238,7.311783877219508,27.080532942754292,42.64212491805949,27.759431950110542,40.3754735740692,33.43319613921505,12.974790604536642,39.57901541457906,39.016812572083786,26.243760307071316,21.949677268348644,9.159761843239895,25.456805756982614,91.13374585611797,36.56470186583165,32.879582231131295,18.62984753705552,9.553790642184374,29.53196826322295,35.49799977806848,29.1907096738613,40.69866199621341,39.894971446417536,25.652953165437967,30.696297121681514,20.08279988704888,44.24636399668879,16.846346390148152,8.093994857099828,39.51486707825089,37.2659335143647,15.260879112571454,16.29710718960011,15.487040255747948,4.395128779956316,29.526941622681687,27.248022749228646,7.314652361844263,11.159695935315664,39.230112302087036,56.397258402813264,37.92999358559467,20.001492427220484,41.837195333192824,21.641523076994883,64.33115426940132,29.90951156622448,25.374474686777752,8.593766582442521,25.30468158925223,38.14433430867311,42.685950123257435,12.761877581360142,15.088518991594903,23.904182063614428,59.76911617477236,14.48147077169024,45.564780785053706,4.195137363597505,70.25498712814428,14.870603849422219,27.953988552858863,27.18241054730887,17.725894637432653,35.34752963100316,14.210136591820126,2.1637529368969286,7.471492958363567,43.30598293934217,16.465361544574858,23.412353092918913,8.559969062474494,31.021139456263466,30.963794118759843,26.008886427230788,4.801479520772434,32.70508268015551,30.30868784261961,44.46392632459498,29.715528359765607,47.64732684629767,14.779324127041322,32.47517402216124,50.105223217133556,47.73576200241598,4.9137706984669824,9.204181258546045
76.42161420095951,53.64335741041035,21.328887109279986,50.79297534021752,72.37823067358383,7.168073439252176,11.714586449279485,0.0,20.783660841581288,58.51810525938345,44.91626101678586,22.778839948309283,15.980453058473087,74.10815114167586,14.919140151360017,25.0614983686284,51.69493082519579,34.431522147029604,44.16393668916535,38.38667289799359,19.07029858036307,51.27398302843901,28.714005163928643,14.805583611418845,25.758573460041713,11.1543603281779,36.24496923918674,98.63913504928374,44.598199988173334,36.873160084979745,25.836891792517395,5.800808903551882,40.72680255701281,46.39586341583171,17.806873132997598,40.00418479704659,50.70465547388804,17.986231202236812,29.791273596615888,11.967563072924124,52.841797414050546,28.137255252616058,18.933543708831483,37.657092683230196,47.247783216786516,22.183617500446335,13.76317300567812,9.946521406945909,7.526983566233013,28.655416975497467,25.172324578822266,6.680088107217948,16.71387174876116,38.155529196769365,64.60935795419877,42.306621611492325,26.125049414196667,51.47275471389041,20.297254120659595,75.39612888359402,35.40517314585181,35.88278438325295,20.175372411280268,36.50123750877741,46.00390484820512,52.64449987787705,22.875954245147643,19.08534120193261,20.910099227281428,58.34800145292015,11.697695060214523,52.931344363594654,13.78568349076175,81.28572652396342,26.55317673812472,31.290712573272877,38.76874774671579,24.032939857934082,46.641044846371344,21.89090314496457,9.57662734152139,11.922486389222136,52.41687734921422,27.6826569216965,26.766818211848026,12.339270094300225,28.822977688180934,41.59223623283759,28.904785987794583,14.650653820280663,44.405030990161066,35.44231125092722,44.11546517802313,18.076036074922108,54.752563360068756,17.920984333558028,44.1164827261939,56.509073141089374,58.58320381588565,13.385217809907882,7.549548869376843
55.647748725662765,49.900871213987706,12.338562008623411,35.15941693411389,67.27099780342192,22.710580069446383,21.59786571758166,20.783660841581288,0.0,71.02043314006727,38.98858426555861,43.48779100657525,18.7835805367246,85.2275959558178,15.747481297171639,45.44079333275097,62.771756107261595,49.30260717947115,24.528673090647562,55.004576664073866,34.47664521230718,52.132821204535965,28.657552006777262,30.791862762765003,43.18106694176006,28.672217632122877,31.072074823597028,81.37961934881946,57.559517700317144,54.30701439498065,40.18988899464121,25.03695907285352,36.473623261520316,39.93848317669681,33.40801296617959,19.559514447236307,57.34467533916855,38.40641722885367,9.30672849138752,13.567392508997093,64.73687989030475,27.33232474795351,21.018420947576743,17.95196777411465,56.45530677881162,36.85872874159746,33.87680483138007,30.600126360728236,19.491581661459897,48.737286874932096,5.775693195420491,24.163305075580514,32.47185903294165,17.89064189380273,76.99339018308423,23.306109287442528,13.5909107633383,40.29816760447594,0.9849047535307061,80.09615653540807,18.62613651640324,29.788651475196207,27.260680043389453,33.03576993704968,31.52917648824942,42.243649300841014,20.591051539966088,8.98076680399984,41.444537000387356,78.85496596828128,31.728858435678443,36.95835742275522,18.626884399810052,85.99833891945876,31.051258998154733,12.439674206963826,42.33430005332865,13.168039755595945,42.0880195550695,15.238674185667874,21.259657898916196,27.944493994780764,63.36354576131988,26.68888772344174,44.54009129122145,13.056749899256051,49.31213748001721,34.78727075134195,47.039132049249424,18.781015249395498,45.73971907546643,51.88362431383239,23.565830270669505,28.44514533811607,38.24895353668756,8.110857901378392,42.67813664478944,71.56150527287413,50.69861790699836,26.438630898276205,26.246146026376053
115.86783242794206,48.2985714867055,60.57711241353622,75.09080017232422,58.317799955796005,51.99400687524654,50.331014534472224,58.51810525938345,71.02043314006727,0.0,52.34755659806599,54.06317822721164,74.49659463768577,16.084446472658563,55.273234594184494,44.67442416311484,9.134199896637064,24.45536426431274,82.01596389992186,23.78434747893639,39.44887127045363,36.82803340707108,87.05189506806768,67.52679648309453,34.644579855658606,47.432839876430165,51.41509364961326,113.71555947869436,13.92587686547514,26.913536152784456,32.683157894398036,52.875654487589976,49.10685070511597,53.56720079095845,69.39958130380046,88.34721673703638,21.717673605059357,57.07195864330407,79.32541780033833,69.71792574063039,6.43074684325282,47.39986301548686,50.28320972709694,88.20453853756095,16.91891999850359,36.341217669151696,48.36315076087155,52.60541406860256,53.93995814996083,41.495073672820006,76.79592561051427,51.886406481309045,41.80472278577494,87.32391166605784,6.097450143794202,78.95383598948554,63.295017034951904,65.02527413732741,71.28495030829494,32.129010840298776,70.81558726753748,53.04962230070213,43.77200088308975,48.376398302758794,70.28344515674218,63.66028906178837,52.34648572997065,62.69376541381697,47.2411571015449,49.28028860712801,49.39610763151442,77.04563543207266,52.50934660901056,35.85587572661764,41.089840486440636,72.82174908886421,34.34240724034923,61.70975413600819,49.503102222254206,57.86410616122221,51.5022693658922,46.64303375205867,8.87879038379299,47.914688467875216,34.44873142989591,58.313585686712045,44.75471330438511,53.99939465221121,33.734027707188346,52.27169893913424,36.79899265996555,25.513561771812544,91.47922674629773,74.32305930825588,79.4476388939808,63.12404242469849,42.92681390111583,10.546963486663829,59.707693293077774,46.181514843283296,51.10927892537826
65.46605189381378,11.247445260062502,27.419619644820873,23.37437883683256,28.450958811413297,39.35177126773457,33.94135525633361,44.91626101678586,38.98858426555861,52.34755659806599,0.0,61.2824480228385,54.66906094955719,61.24808854577693,30.413091103578303,56.66793146329826,43.34323788294862,43.24703849192338,34.874776581530696,50.65125282943618,38.90402541816817,18.290404245653246,66.76087333590951,59.72015113291341,45.95787629989074,41.418795966107815,8.722214298809941,63.71305185281582,43.819672446795394,52.34059943373372,38.3929073762063,43.457059245809965,4.809321503797034,1.6867110612823706,62.72310492894136,47.26886918311585,31.326606617576196,59.12108979923806,42.389650627485935,48.12672453773214,46.395867812767015,17.16068111702723,26.045598596115333,49.30527663149964,35.551570741319594,38.11113181659513,48.50126422954598,49.00082967926059,37.513668902303266,57.42350700347463,43.14621068400714,41.20001463339468,39.16058614166855,47.2981999448333,56.84487386661797,31.923271414954474,25.458544395204854,12.76931047292939,39.85715101357673,46.64662111405005,26.16400213523295,9.470877963927174,27.563810395083102,8.775350714103617,19.333229767977084,11.830716961329848,22.160214211683623,31.143325065178235,54.897901649776614,84.40773501850936,47.215396322014584,25.104960826546787,31.134703372878178,52.06015018088698,22.20983709734884,31.842720786163433,18.925070502290023,25.902922911511837,3.849261581927108,25.115244312190306,36.02926557743418,39.215609077239044,43.49545828683524,17.491949134733133,47.488036014461066,34.00668198090965,60.11221101439488,4.267893563552848,49.79453428659698,30.268906494856104,15.618947142725531,48.2923006260215,48.76846769669432,61.67372936635266,27.442602567468455,32.571936182331825,9.475326734670329,58.52435450404583,13.81286812445701,35.515654539424325,42.84946913707247
99.1277007001925,67.48618766973219,42.86115026967154,71.95879478813303,85.79474120814338,23.936187398887864,28.791623254799024,22.778839948309283,43.48779100657525,54.06317822721164,61.2824480228385,0.0,32.63071702556212,70.05928821272808,35.270863055253955,9.406234798438856,50.3503885159241,31.1484264163995,66.81939568696431,30.315966880229787,23.30366469999115,61.57230598969276,40.921256908188155,18.593303957269402,20.99320738110951,20.06979553071748,53.3578300868373,119.85888079524844,41.77554671781776,27.335689273672777,27.31073027301615,20.000283871841532,56.56044045479733,62.934251247155345,18.815198128902225,62.35479791989067,55.19849582716051,5.754545046665204,52.28203864815376,32.378812779261004,50.11873278770308,44.34321298083282,36.70620394202456,59.633264208825814,49.24264512392772,25.3447116935811,12.816654315620806,13.668466769613282,27.0455987633661,13.026575947735738,47.47778075353787,21.899074882971988,22.410620015132288,60.41808406926578,59.619349899915015,64.831227360774,47.805512354419115,70.3959619892317,42.94053915272841,79.23514431737306,57.513632195345416,53.58148317966281,33.72093328896774,52.51734104533045,66.85677114283975,71.05179489766557,41.49211476538313,41.30273024388602,7.535259768565065,37.2798681449689,14.357677421828857,74.18044504033746,32.753074569845154,84.67108209127491,39.393935282807284,53.931780541842485,48.817472874369045,45.57057448113523,61.87471654800429,42.60043571600866,27.181654074364626,22.21920677707273,51.13792977952262,44.13554951530694,20.500525661079976,34.0639089289172,10.53250700920343,58.904970955352326,20.508962528591354,33.49315375303761,55.346143605673085,28.64816946111024,66.50870649518438,26.35524587861673,76.18658008915222,40.311431338049275,57.40431944939156,48.12739740608914,74.98986104896201,25.93919158581477,19.730755285546877
70.15220606647816,64.75535061332637,27.48706728824902,53.911783110263045,83.05822190381232,22.717073691661366,25.865441176774052,15.980453058473087,18.7835805367246,74.49659463768577,54.66906094955719,32.63071702556212,0.0,90.04884159157905,25.131903722729234,38.145851169600206,67.57520346318128,50.37995513761962,42.57498701567542,54.01423573700189,35.05039850911278,64.41165192366005,13.155868306054616,15.214993198073747,41.37037038239027,27.11244672924671,46.07772453425617,99.95061584844595,60.574776744124506,52.25453351478801,41.81378404113391,21.69221054492877,51.22917602424854,55.89702113536903,16.958881915473317,32.837632757288155,65.75757988752072,26.88380631226982,24.25357563636014,6.553824813737576,68.7904138317847,39.64897654396365,30.782271647184047,29.248347775281022,62.83099091918926,38.15767831824623,28.2423546198962,23.76966134824813,21.56009293102301,42.145503245319304,19.38080616262689,22.620103133589474,32.69381048857626,30.734896109476576,80.58869174247495,41.75469014958578,30.83191452020817,58.14657761220613,17.82103343164908,90.15575582876507,37.37576892619981,45.199555753124415,34.332845131776004,47.228037216074505,50.09966171391675,59.86728878815374,33.11868379733872,23.877088849343593,33.85926437713847,69.90392078662641,26.498096389948913,55.73516126056683,25.939640192490124,96.08705376142372,40.22028563407232,31.172502049679608,52.625066038282476,29.535296571168235,57.17595221859292,29.565732957937858,24.071449653977,27.87061604103412,68.28708975434185,39.06908874307934,42.23119081796932,21.18503893176544,41.39084252517291,50.7500992113263,44.15382200554829,26.656129743836708,57.57641753011325,51.152081001495716,36.91457579770005,10.180470342963998,57.02962407331628,22.387111080657075,56.095466581938375,72.32500467211132,67.50548318368647,28.870843393184032,23.462043997360396
126.45039485230961,54.60774224578262,74.11231484934545,84.60707506561272,59.781380013935205,67.39519144357334,65.27068953313238,74.10815114167586,85.2275959558178,16.084446472658563,61.24808854577693,70.05928821272808,90.04884159157905,0.0,69.58093531857907,60.65733260907119,22.62893841999111,40.434385170296046,93.65800115274854,39.744119280178445,55.09852674135381,43.580171092616624,102.76125310117745,83.55482085192817,50.705704783555234,63.12194375596279,62.26824732601224,118.58341878587004,29.661642627938292,42.790946218075455,48.32266992192669,68.55636001170832,58.93409113905629,62.16053051972915,85.46148199773523,101.59112967049398,30.254918955102085,73.15034591481758,93.08618168427313,85.0223230321372,21.269391878821146,59.94560376409772,64.23214918395148,101.851255281518,28.89976734634189,51.950733975368195,64.3803803139983,68.57582042349384,69.10299431539318,57.366672115190184,90.97313275211394,67.43847770483838,57.44205862606523,100.74867697545501,10.496833145191747,90.5652282885993,76.25531987147667,73.2957649128736,85.58153716239362,26.387496678792107,82.8090485026454,63.99769377808681,58.07483295320309,59.17519550659511,80.26008798214367,71.51782854535847,65.62848292122327,76.59025849656724,63.30673465202843,61.083368698680644,65.35468576997253,86.35016022735587,67.0410339506236,27.540674670263982,54.45158863399341,85.66335695677787,45.41555429248083,74.9072234658291,57.85547026276014,71.26691855792444,66.61597619465391,62.18837217441619,21.974509429362055,60.52333555771585,50.53123078348791,72.88734756802248,60.554227999088695,63.74607186270302,49.80142816675726,66.70680613896837,45.888175808715786,41.58282866106692,104.44218239391128,90.26420999751903,88.67397667181551,77.18126036651203,51.88224810584302,23.46441983073546,65.61857113100653,61.407492205403244,66.80042384638996
67.25573748394555,39.88058140803553,7.9215829411489755,36.711649697824555,58.43144817251358,11.34345487708077,7.311783877219508,14.919140151360017,15.747481297171639,55.273234594184494,30.413091103578303,35.270863055253955,25.131903722729234,69.58093531857907,0.0,34.27159176970434,47.067366570682516,33.947641183010745,33.063940681284436,40.089260851579425,19.95100677100134,39.3688140069971,38.00926495281699,29.55884306968882,29.05638050002507,16.31212111718956,21.690911542597515,84.64348062408327,41.839700061809445,39.7807036510553,24.94368500638425,15.327354063543604,26.524840341506586,31.815427845536398,32.57006709643623,34.05404890295275,42.37882602548943,31.538690397481297,24.35132246304851,18.664934772163008,48.99614352959078,14.527347538964422,5.875769790439848,33.263233012262376,40.925036114945684,21.869989022301436,23.19531195550163,21.645308534012756,8.30981997040531,36.81609374655163,21.523150313201945,13.374033337013753,18.328604359695383,32.72390019992398,61.250640298659306,30.632352152886103,12.783443860387116,36.56606540046829,16.028918356843953,66.00563816235378,22.68521910148776,21.155915576269344,11.528670927871,22.38578749864964,31.680499308609548,37.72629484624271,8.270066994577794,8.025520044128045,30.93274747524645,67.07748086691281,21.235790737464505,38.922747188532256,3.2704383436503615,71.94707829622945,15.981397648931202,20.68661380769745,28.07697467216155,10.505285357120528,32.50207850512625,7.3410714770774135,8.264574124239303,14.761786861937074,47.67078833749815,13.958126648526077,30.558730119328334,3.976695806886287,38.22451878829012,26.87474096106992,33.179046319876385,3.1307234089961606,32.58183077439774,36.96751854776394,37.67687000420623,31.295634088283435,40.915819224658264,8.037770104122671,30.979492527583282,56.018578230040056,43.90310553443035,12.05379992762347,15.573235670095379
100.67447984125832,61.63643264504562,42.18481667171461,70.07095810488737,79.45768978160991,23.398952455670102,27.080532942754292,25.0614983686284,45.44079333275097,44.67442416311484,56.66793146329826,9.406234798438856,38.145851169600206,60.65733260907119,34.27159176970434,0.0,41.210961992600275,22.204075664439173,67.14026849506217,20.913215270756325,17.76610663144764,54.65333477618196,48.08678515495213,25.94931662827567,12.649625122783078,17.95995358183604,49.38783565701914,117.53826282243747,32.59490623199693,17.93459492413081,19.901743770224265,20.42429846574587,51.86370703757817,58.350927108415945,26.88384000580466,64.9122051915436,46.93207842004008,13.38561326812789,54.64943553602125,36.38682419560884,40.84759825282261,40.42675262105411,34.17038898488193,62.70162177922952,40.61995762149285,18.869916711944512,11.577036025606771,15.155607073420846,26.79207833435157,4.114735466671248,50.1676600971741,21.59727563689113,17.781056408541144,63.11708116142868,50.213813034492446,64.83505750459187,47.04783348788081,66.890564232233,45.0744301351938,70.51603882072614,56.954960289571034,49.89727451077937,29.691066494417427,48.06740758177479,64.78989790757777,67.22943647253935,38.96686355191143,41.419908850359484,4.295592557164407,33.415926977363924,13.723575989852986,72.33411228334194,31.274463621924763,75.8416731923079,34.458257862899245,54.41767303328679,42.266793095935235,44.769011973760136,56.73824709997124,41.28245764445908,26.05011943221564,19.65759206516524,41.99629658344659,40.346370199188954,11.793722188238334,34.133733722019684,3.959672698257643,54.82463094415904,11.32229340779256,31.85640622822275,48.8216403438538,19.33003488438561,68.97876103876891,33.68505147832404,74.49293128672748,40.710048101796424,51.63409097612703,38.79924875783402,70.05907214524579,23.026983604679103,19.380526659980212
106.74616609457873,39.889916873063996,51.97034171979916,65.98021307238882,51.423245645122925,44.8742652487924,42.64212491805949,51.69493082519579,62.771756107261595,9.134199896637064,43.34323788294862,50.3503885159241,67.57520346318128,22.62893841999111,47.067366570682516,41.210961992600275,0.0,19.297469272639802,72.96476392938656,21.401603957580438,32.83815124220729,28.52277035717528,80.40252306964776,61.96226649799158,29.74603643867281,40.85386295550446,42.281962489686464,105.27263732810536,8.634679315894216,24.700311383194208,26.121487566455652,46.251397977774346,40.01161963265052,44.60180709107798,64.08643853300657,79.66930335903973,13.498689262351547,52.57775083057495,70.84813794737128,62.43733507327353,3.148579618328974,38.44383516291613,41.85123904024774,79.68518551953801,7.813801407988973,29.67186221680474,42.87645628666081,46.837544395821396,46.496693446475916,38.636676098724834,68.53542553448673,45.01487510441602,35.149331476715126,78.71197611197935,14.520915434640889,69.89609864343475,54.48778556812344,56.06184712338906,63.0922254662499,30.321034085404715,61.80234137487658,43.91914678171186,35.54097666974349,39.242225065251105,61.15547089017449,54.76762156988722,43.620359446791454,54.25957350265782,43.085117819604996,52.17169328285723,43.60335601659065,67.94674679227899,44.45977690811118,35.156766220318765,32.35490475233646,63.99648630213123,25.20978185039333,52.97604941319895,40.60148713775705,49.19767856349127,44.00281458487688,39.779814567453016,0.7879921818342549,38.974674311648535,29.943293362153785,50.302743997561834,42.07483531254179,44.89986221430007,29.894888896717532,44.149692748162764,27.876329172688546,22.05296727935577,82.71254902727779,68.32341908583759,70.35197074010775,54.77720055814177,33.96919130591187,16.38328651143301,51.271186126744624,38.82811002836757,44.51559427767421
99.5071462238466,44.805543961523185,40.686775185416266,62.28935130010624,60.9059287464846,28.3304393168235,27.759431950110542,34.431522147029604,49.30260717947115,24.45536426431274,43.24703849192338,31.1484264163995,50.37995513761962,40.434385170296046,33.947641183010745,22.204075664439173,19.297469272639802,0.0,64.83993011118852,7.445911700867107,15.51700789392103,35.63718260128539,62.72783332494346,43.127760467301755,10.466774269690209,23.27745112558881,38.427108005137306,106.88370516187057,10.92748695682501,9.27424281412868,9.131364887335382,28.687825568859523,38.70337984333706,44.86503376996837,45.092370385732586,67.99496911490833,25.318247280855612,33.289775270543466,58.242823852989076,45.999906407211114,19.469658366237216,31.14267479417113,30.172463051234224,67.12962557945873,18.573319248339715,12.644193790641504,23.951156146212234,28.152982986564087,30.733525385494822,20.149379783415384,54.993203825728244,27.928938645443544,17.842399911523096,66.66784185645972,30.47356733385918,61.97581793420066,44.479196021038774,55.42199446311387,49.386124881596125,48.33086605921959,53.52787344116208,39.61102779439087,23.389282358155892,36.021432455259756,56.976064746607385,54.9687796024432,33.673113314905564,41.90930510308929,23.809401630999176,41.51048862027951,24.941016337836885,64.49931338602903,30.808790636792402,53.63765503807959,23.816547151183094,53.74223644339737,25.194034056639698,42.48538190796373,41.9904453184805,38.44483037449137,28.47710730740761,22.782496369416986,20.084724794642174,31.42402314274202,10.66686320194995,36.24925617941626,23.62005770244387,42.93883245166018,10.959350854415224,30.816932168991134,31.15429181044266,5.169678062730194,71.55896977123986,49.86769548858427,66.88588475674116,41.97852367416432,35.69415500369074,22.400908711718643,54.97941075797873,23.08699268491992,26.917911485256102
34.67192007408405,45.477163504363965,25.195810966151353,16.74718095314398,58.241511164253524,43.76925404887823,40.3754735740692,44.16393668916535,24.528673090647562,82.01596389992186,34.874776581530696,66.81939568696431,42.57498701567542,93.65800115274854,33.063940681284436,67.14026849506217,72.96476392938656,64.83993011118852,0.0,71.7341967540513,52.61893883466949,52.78299139112241,49.51501530468302,55.31829761292771,61.76358490873017,49.25842988586418,31.47245099358744,57.58755687886563,70.28023981646253,71.95590468522805,56.5210113195341,47.15811598251439,35.509958390183876,34.767686208923735,57.930979642848676,16.063853830807354,63.495359468876856,62.14466077501447,18.88925485957694,38.02927718511374,75.60968466671446,34.760135470891015,35.01340954586648,19.885545512294257,65.44581559100571,54.02051256031599,55.75618872286899,53.323912052590565,40.3927843828808,69.84730106000764,23.340215631424094,45.65054383779332,51.23586906922009,17.28673870670353,87.41815887060247,3.09300383421084,20.658772825373028,28.05209352634417,25.357871713809235,81.48761569175345,11.359975364285619,29.725192654906248,41.59001578376669,34.547935296612586,16.96872262092072,30.611295194480107,31.168426155118006,25.74663884702312,63.55439676151781,100.13711864183657,53.673569943275396,17.372174923597967,36.24910366016246,86.93418698505931,41.669776097399485,12.887722307789124,48.27375772116815,22.853357858648067,38.72400090377726,26.78364852503547,41.136340577493506,47.815230804963086,73.35559149259643,34.29988620631668,63.320117941365346,33.0661096866569,71.09961743066908,31.199201177962497,65.9646667142319,35.83209232443663,48.378930455423074,68.69419402581643,15.583412927628856,52.613789545540854,17.404014691656442,26.58103284027276,42.97514038163779,85.39235939554901,40.629372900077385,45.02309667029306,47.90196678294408
106.40104274255683,51.82141840658337,47.201156294927756,69.66319842616443,67.35650645451588,33.06416564226778,33.43319613921505,38.38667289799359,55.004576664073866,23.78434747893639,50.65125282943618,30.315966880229787,54.01423573700189,39.744119280178445,40.089260851579425,20.913215270756325,21.401603957580438,7.445911700867107,71.7341967540513,0.0,20.54484524922653,42.192710916026314,65.75927238065293,44.90929929442326,12.649382634890662,27.45232191690961,45.86027160360982,114.31317621113612,12.968705346805706,3.301874165097001,15.27163599859816,32.59297696416117,46.131221143996115,52.260746752652956,46.47936898284993,74.07513909362433,30.451466946487745,33.63085391321931,64.12823859131285,50.28120879815215,20.444085622326316,38.445599447655034,36.82186921693852,72.94231190250487,23.187120795924073,18.232308608285848,26.182389214970666,30.667305458045902,35.8489792371119,17.736630587460223,60.58554205865617,32.28251883485896,22.657396936714935,72.64843925597734,29.307406808069366,68.92058630945398,51.21822610531494,62.86366484564571,54.99661889662132,51.63932977478964,60.47894310336908,47.02742615227149,30.147235701571343,43.46692670533254,64.33731631091936,62.39278260803301,40.597463124829765,48.112493901785015,23.719982982695594,34.45801708314458,27.65234378602997,71.88072101176041,36.862372873729946,56.55778384717325,31.12271753322593,60.318993886908615,32.40422932601804,49.15267416629475,49.31009778932629,45.12197732880884,33.809674862708306,27.479363931497915,22.15353110041987,38.701470715675086,11.841980175517588,41.99267870055082,21.056701749577563,50.38395244079842,10.386744131986577,36.979538628983015,38.15833381428572,3.126205293847071,77.75824669061676,52.164348585153306,74.26117314090932,48.041204397906945,42.93191154604286,18.577145563475874,62.197250902291586,28.566220989608876,30.8730344668806
87.07585004928353,44.28960542221881,27.518968145556762,53.30308375039134,62.500389603729204,12.81742455538333,12.974790604536642,19.07029858036307,34.47664521230718,39.44887127045363,38.90402541816817,23.30366469999115,35.05039850911278,55.09852674135381,19.95100677100134,17.76610663144764,32.83815124220729,15.51700789392103,52.61893883466949,20.54484524922653,0.0,38.374410075226386,47.663059494450046,29.61960595867549,9.150264845357151,8.02765838728013,31.705543047354876,100.26657930506933,25.532523244977654,19.90544290459892,6.778175858575997,13.457838805199723,34.10156220095897,40.58639267299775,32.03091371814553,53.6727673733195,33.77491178340923,22.836338040905222,43.64342111699835,30.492241634662797,33.830703197142434,22.82739234402506,17.847334062756183,52.42439840065861,29.148794755946735,3.166457615869247,11.614319724243567,14.620344568919993,15.361900950268993,18.872397693425025,40.041325800227334,12.466458229163294,2.3567566271052685,52.19279833626494,45.53929866005569,49.9945309680906,31.969406823433083,49.27398174881988,34.45508738197758,58.534753675287384,41.69753707958925,32.30227632319206,12.265261856424011,30.307138965982354,47.95128070532389,49.52822909774949,22.366051306708368,27.936847476402715,16.26691959002821,48.160697731751235,11.528699102183499,55.573162845934036,16.680882333795545,64.27671911642688,16.694415547375126,40.57039137428571,25.54504189413824,29.766075375586198,39.05670093798279,25.864899288888267,13.265878155197699,7.2706792334968116,33.58042856527122,22.802239424494058,10.701361332440415,21.5077419439646,21.29370590160334,37.09975087094095,13.34690077990943,16.94014400955201,32.05510918052068,17.433041860910343,57.4341251883535,35.56498834329968,57.82471802427616,27.72455340301252,34.21898658160984,37.85927366574387,52.34603066456454,8.06648451159627,11.703460120108371
