{
  "metadata": {
    "nome": "media_50",
    "data_geracao": "2026-01-14T07:13:41.367788",
    "n_pacientes": 50,
    "n_equipes": 3,
    "municipio": null,
    "seed": 456,
    "fonte_equipes": "CNES/DATASUS Ago/2025 (tbEquipe202508)",
    "fonte_demografia": "IBGE Censo 2022",
    "codigos_equipe_ad": {
      "22": "EMAD I",
      "46": "EMAD II",
      "23": "EMAP",
      "77": "EMAP-R"
    }
  },
  "equipes": [
    {
      "id": 1,
      "codigo_unidade": "3520502063603",
      "codigo_equipe": "0001527339",
      "tipo_codigo": 22,
      "tipo": "EMAD I",
      "lat": -23.11952515,
      "lon": -47.2338767864077,
      "capacidade_diaria": 434
    },
    {
      "id": 2,
      "codigo_unidade": "3550305420938",
      "codigo_equipe": "0000367907",
      "tipo_codigo": 23,
      "tipo": "EMAP",
      "lat": -23.59716988434853,
      "lon": -46.40342500810171,
      "capacidade_diaria": 361
    },
    {
      "id": 3,
      "codigo_unidade": "3543400503185",
      "codigo_equipe": "0001697595",
      "tipo_codigo": 22,
      "tipo": "EMAD I",
      "lat": -21.1702855,
      "lon": -47.8044463,
      "capacidade_diaria": 383
    }
  ],
  "pacientes": [
    {
      "id": 1,
      "lat": -22.689185,
      "lon": -47.195877,
      "modalidade": "AD3",
      "janela_inicio": 420,
      "janela_fim": 1080,
      "frequencia": 7,
      "frequencia_unidade": "semanal",
      "tempo_servico": 90,
      "prioridade": 3
    },
    {
      "id": 2,
      "lat": -22.601789,
      "lon": -47.103378,
      "modalidade": "AD2",
      "janela_inicio": 420,
      "janela_fim": 720,
      "frequencia": 2,
      "frequencia_unidade": "semanal",
      "tempo_servico": 35,
      "prioridade": 2
    },
    {
      "id": 3,
      "lat": -22.522675,
      "lon": -47.051182,
      "modalidade": "AD2",
      "janela_inicio": 420,
      "janela_fim": 720,
      "frequencia": 1,
      "frequencia_unidade": "semanal",
      "tempo_servico": 51,
      "prioridade": 2
    },
    {
      "id": 4,
      "lat": -22.742533,
      "lon": -47.123954,
      "modalidade": "AD3",
      "janela_inicio": 420,
      "janela_fim": 1080,
      "frequencia": 7,
      "frequencia_unidade": "semanal",
      "tempo_servico": 90,
      "prioridade": 3
    },
    {
      "id": 5,
      "lat": -22.451789,
      "lon": -47.127663,
      "modalidade": "AD2",
      "janela_inicio": 780,
      "janela_fim": 1080,
      "frequencia": 1,
      "frequencia_unidade": "semanal",
      "tempo_servico": 39,
      "prioridade": 2
    },
    {
      "id": 6,
      "lat": -22.659273,
      "lon": -47.189098,
      "modalidade": "AD3",
      "janela_inicio": 420,
      "janela_fim": 1080,
      "frequencia": 6,
      "frequencia_unidade": "semanal",
      "tempo_servico": 71,
      "prioridade": 3
    },
    {
      "id": 7,
      "lat": -22.55108,
      "lon": -47.287788,
      "modalidade": "AD2",
      "janela_inicio": 780,
      "janela_fim": 1080,
      "frequencia": 2,
      "frequencia_unidade": "semanal",
      "tempo_servico": 32,
      "prioridade": 2
    },
    {
      "id": 8,
      "lat": -22.585441,
      "lon": -47.113282,
      "modalidade": "AD2",
      "janela_inicio": 420,
      "janela_fim": 720,
      "frequencia": 2,
      "frequencia_unidade": "semanal",
      "tempo_servico": 55,
      "prioridade": 2
    },
    {
      "id": 9,
      "lat": -22.580765,
      "lon": -47.020064,
      "modalidade": "AD3",
      "janela_inicio": 420,
      "janela_fim": 720,
      "frequencia": 5,
      "frequencia_unidade": "semanal",
      "tempo_servico": 86,
      "prioridade": 3
    },
    {
      "id": 10,
      "lat": -22.738247,
      "lon": -47.201536,
      "modalidade": "AD3",
      "janela_inicio": 420,
      "janela_fim": 1080,
      "frequencia": 5,
      "frequencia_unidade": "semanal",
      "tempo_servico": 59,
      "prioridade": 3
    },
    {
      "id": 11,
      "lat": -22.496272,
      "lon": -47.131526,
      "modalidade": "AD2",
      "janela_inicio": 420,
      "janela_fim": 720,
      "frequencia": 3,
      "frequencia_unidade": "semanal",
      "tempo_servico": 45,
      "prioridade": 2
    },
    {
      "id": 12,
      "lat": -22.57291,
      "lon": -47.264114,
      "modalidade": "AD3",
      "janela_inicio": 780,
      "janela_fim": 1080,
      "frequencia": 7,
      "frequencia_unidade": "semanal",
      "tempo_servico": 78,
      "prioridade": 3
    },
    {
      "id": 13,
      "lat": -22.583603,
      "lon": -47.055044,
      "modalidade": "AD3",
      "janela_inicio": 420,
      "janela_fim": 720,
      "frequencia": 7,
      "frequencia_unidade": "semanal",
      "tempo_servico": 65,
      "prioridade": 3
    },
    {
      "id": 14,
      "lat": -22.700679,
      "lon": -46.940576,
      "modalidade": "AD2",
      "janela_inicio": 420,
      "janela_fim": 720,
      "frequencia": 2,
      "frequencia_unidade": "semanal",
      "tempo_servico": 54,
      "prioridade": 2
    },
    {
      "id": 15,
      "lat": -22.617117,
      "lon": -47.147374,
      "modalidade": "AD2",
      "janela_inicio": 420,
      "janela_fim": 720,
      "frequencia": 2,
      "frequencia_unidade": "semanal",
      "tempo_servico": 59,
      "prioridade": 2
    },
    {
      "id": 16,
      "lat": -22.59926,
      "lon": -46.951837,
      "modalidade": "AD3",
      "janela_inicio": 780,
      "janela_fim": 1080,
      "frequencia": 6,
      "frequencia_unidade": "semanal",
      "tempo_servico": 58,
      "prioridade": 3
    },
    {
      "id": 17,
      "lat": -22.485952,
      "lon": -47.238717,
      "modalidade": "AD2",
      "janela_inicio": 420,
      "janela_fim": 1080,
      "frequencia": 2,
      "frequencia_unidade": "semanal",
      "tempo_servico": 38,
      "prioridade": 2
    },
    {
      "id": 18,
      "lat": -22.698666,
      "lon": -47.23135,
      "modalidade": "AD2",
      "janela_inicio": 420,
      "janela_fim": 1080,
      "frequencia": 3,
      "frequencia_unidade": "semanal",
      "tempo_servico": 32,
      "prioridade": 2
    },
    {
      "id": 19,
      "lat": -22.659511,
      "lon": -47.208498,
      "modalidade": "AD3",
      "janela_inicio": 420,
      "janela_fim": 1080,
      "frequencia": 5,
      "frequencia_unidade": "semanal",
      "tempo_servico": 71,
      "prioridade": 3
    },
    {
      "id": 20,
      "lat": -22.60621,
      "lon": -46.951814,
      "modalidade": "AD2",
      "janela_inicio": 780,
      "janela_fim": 1080,
      "frequencia": 2,
      "frequencia_unidade": "semanal",
      "tempo_servico": 44,
      "prioridade": 2
    },
    {
      "id": 21,
      "lat": -22.592206,
      "lon": -47.11851,
      "modalidade": "AD2",
      "janela_inicio": 780,
      "janela_fim": 1080,
      "frequencia": 1,
      "frequencia_unidade": "semanal",
      "tempo_servico": 50,
      "prioridade": 2
    },
    {
      "id": 22,
      "lat": -22.592636,
      "lon": -47.338983,
      "modalidade": "AD3",
      "janela_inicio": 420,
      "janela_fim": 720,
      "frequencia": 7,
      "frequencia_unidade": "semanal",
      "tempo_servico": 64,
      "prioridade": 3
    },
    {
      "id": 23,
      "lat": -22.665951,
      "lon": -47.233228,
      "modalidade": "AD2",
      "janela_inicio": 780,
      "janela_fim": 1080,
      "frequencia": 2,
      "frequencia_unidade": "semanal",
      "tempo_servico": 36,
      "prioridade": 2
    },
    {
      "id": 24,
      "lat": -22.450215,
      "lon": -47.201249,
      "modalidade": "AD2",
      "janela_inicio": 780,
      "janela_fim": 1080,
      "frequencia": 1,
      "frequencia_unidade": "semanal",
      "tempo_servico": 48,
      "prioridade": 2
    },
    {
      "id": 25,
      "lat": -22.554976,
      "lon": -47.186082,
      "modalidade": "AD2",
      "janela_inicio": 420,
      "janela_fim": 1080,
      "frequencia": 2,
      "frequencia_unidade": "semanal",
      "tempo_servico": 54,
      "prioridade": 2
    },
    {
      "id": 26,
      "lat": -22.544264,
      "lon": -47.259947,
      "modalidade": "AD2",
      "janela_inicio": 780,
      "janela_fim": 1080,
      "frequencia": 3,
      "frequencia_unidade": "semanal",
      "tempo_servico": 32,
      "prioridade": 2
    },
    {
      "id": 27,
      "lat": -22.659167,
      "lon": -47.075152,
      "modalidade": "AD3",
      "janela_inicio": 420,
      "janela_fim": 1080,
      "frequencia": 7,
      "frequencia_unidade": "semanal",
      "tempo_servico": 49,
      "prioridade": 3
    },
    {
      "id": 28,
      "lat": -22.679917,
      "lon": -47.265687,
      "modalidade": "AD3",
      "janela_inicio": 420,
      "janela_fim": 720,
      "frequencia": 6,
      "frequencia_unidade": "semanal",
      "tempo_servico": 59,
      "prioridade": 3
    },
    {
      "id": 29,
      "lat": -22.648211,
      "lon": -47.294532,
      "modalidade": "AD2",
      "janela_inicio": 420,
      "janela_fim": 720,
      "frequencia": 1,
      "frequencia_unidade": "semanal",
      "tempo_servico": 39,
      "prioridade": 2
    },
    {
      "id": 30,
      "lat": -22.514123,
      "lon": -47.060367,
      "modalidade": "AD2",
      "janela_inicio": 420,
      "janela_fim": 1080,
      "frequencia": 1,
      "frequencia_unidade": "semanal",
      "tempo_servico": 56,
      "prioridade": 2
    },
    {
      "id": 31,
      "lat": -22.559564,
      "lon": -47.176163,
      "modalidade": "AD3",
      "janela_inicio": 780,
      "janela_fim": 1080,
      "frequencia": 7,
      "frequencia_unidade": "semanal",
      "tempo_servico": 61,
      "prioridade": 3
    },
    {
      "id": 32,
      "lat": -22.690092,
      "lon": -47.065046,
      "modalidade": "AD2",
      "janela_inicio": 420,
      "janela_fim": 720,
      "frequencia": 3,
      "frequencia_unidade": "semanal",
      "tempo_servico": 59,
      "prioridade": 2
    },
    {
      "id": 33,
      "lat": -22.839868,
      "lon": -47.19523,
      "modalidade": "AD3",
      "janela_inicio": 420,
      "janela_fim": 720,
      "frequencia": 7,
      "frequencia_unidade": "semanal",
      "tempo_servico": 90,
      "prioridade": 3
    },
    {
      "id": 34,
      "lat": -22.650172,
      "lon": -47.079107,
      "modalidade": "AD3",
      "janela_inicio": 420,
      "janela_fim": 720,
      "frequencia": 6,
      "frequencia_unidade": "semanal",
      "tempo_servico": 55,
      "prioridade": 3
    },
    {
      "id": 35,
      "lat": -22.740289,
      "lon": -47.23147,
      "modalidade": "AD2",
      "janela_inicio": 420,
      "janela_fim": 720,
      "frequencia": 2,
      "frequencia_unidade": "semanal",
      "tempo_servico": 42,
      "prioridade": 2
    },
    {
      "id": 36,
      "lat": -22.65908,
      "lon": -47.177501,
      "modalidade": "AD2",
      "janela_inicio": 420,
      "janela_fim": 720,
      "frequencia": 3,
      "frequencia_unidade": "semanal",
      "tempo_servico": 47,
      "prioridade": 2
    },
    {
      "id": 37,
      "lat": -22.560047,
      "lon": -47.144837,
      "modalidade": "AD2",
      "janela_inicio": 420,
      "janela_fim": 1080,
      "frequencia": 3,
      "frequencia_unidade": "semanal",
      "tempo_servico": 48,
      "prioridade": 2
    },
    {
      "id": 38,
      "lat": -22.44665,
      "lon": -47.03569,
      "modalidade": "AD2",
      "janela_inicio": 420,
      "janela_fim": 720,
      "frequencia": 1,
      "frequencia_unidade": "semanal",
      "tempo_servico": 58,
      "prioridade": 2
    },
    {
      "id": 39,
      "lat": -22.683191,
      "lon": -47.25083,
      "modalidade": "AD3",
      "janela_inicio": 780,
      "janela_fim": 1080,
      "frequencia": 5,
      "frequencia_unidade": "semanal",
      "tempo_servico": 75,
      "prioridade": 3
    },
    {
      "id": 40,
      "lat": -22.629479,
      "lon": -47.105657,
      "modalidade": "AD3",
      "janela_inicio": 420,
      "janela_fim": 720,
      "frequencia": 6,
      "frequencia_unidade": "semanal",
      "tempo_servico": 90,
      "prioridade": 3
    },
    {
      "id": 41,
      "lat": -22.586898,
      "lon": -47.197527,
      "modalidade": "AD2",
      "janela_inicio": 420,
      "janela_fim": 720,
      "frequencia": 3,
      "frequencia_unidade": "semanal",
      "tempo_servico": 55,
      "prioridade": 2
    },
    {
      "id": 42,
      "lat": -22.676847,
      "lon": -47.257877,
      "modalidade": "AD2",
      "janela_inicio": 420,
      "janela_fim": 1080,
      "frequencia": 3,
      "frequencia_unidade": "semanal",
      "tempo_servico": 56,
      "prioridade": 2
    },
    {
      "id": 43,
      "lat": -22.56739,
      "lon": -47.229571,
      "modalidade": "AD3",
      "janela_inicio": 420,
      "janela_fim": 1080,
      "frequencia": 7,
      "frequencia_unidade": "semanal",
      "tempo_servico": 46,
      "prioridade": 3
    },
    {
      "id": 44,
      "lat": -22.660663,
      "lon": -47.117287,
      "modalidade": "AD2",
      "janela_inicio": 420,
      "janela_fim": 1080,
      "frequencia": 1,
      "frequencia_unidade": "semanal",
      "tempo_servico": 47,
      "prioridade": 2
    },
    {
      "id": 45,
      "lat": -22.633664,
      "lon": -47.032548,
      "modalidade": "AD3",
      "janela_inicio": 420,
      "janela_fim": 720,
      "frequencia": 7,
      "frequencia_unidade": "semanal",
      "tempo_servico": 80,
      "prioridade": 3
    },
    {
      "id": 46,
      "lat": -22.48942,
      "lon": -47.337487,
      "modalidade": "AD2",
      "janela_inicio": 780,
      "janela_fim": 1080,
      "frequencia": 2,
      "frequencia_unidade": "semanal",
      "tempo_servico": 31,
      "prioridade": 2
    },
    {
      "id": 47,
      "lat": -22.584661,
      "lon": -47.188369,
      "modalidade": "AD3",
      "janela_inicio": 420,
      "janela_fim": 720,
      "frequencia": 5,
      "frequencia_unidade": "semanal",
      "tempo_servico": 62,
      "prioridade": 3
    },
    {
      "id": 48,
      "lat": -22.699943,
      "lon": -46.972066,
      "modalidade": "AD3",
      "janela_inicio": 780,
      "janela_fim": 1080,
      "frequencia": 6,
      "frequencia_unidade": "semanal",
      "tempo_servico": 57,
      "prioridade": 3
    },
    {
      "id": 49,
      "lat": -22.680184,
      "lon": -47.015628,
      "modalidade": "AD2",
      "janela_inicio": 420,
      "janela_fim": 720,
      "frequencia": 1,
      "frequencia_unidade": "semanal",
      "tempo_servico": 38,
      "prioridade": 2
    },
    {
      "id": 50,
      "lat": -22.676891,
      "lon": -46.846587,
      "modalidade": "AD2",
      "janela_inicio": 420,
      "janela_fim": 720,
      "frequencia": 2,
      "frequencia_unidade": "semanal",
      "tempo_servico": 59,
      "prioridade": 2
    }
  ],
  "matriz_tempos": [
    [
      0.0,
      115.22322220957209,
      141.84476760072351,
      165.49809314448558,
      104.1713924847862,
      180.1032956798006,
      123.31887357143603,
      152.27809724847,
      145.58255076933605,
      153.0910408676497,
      102.06087677595312,
      168.2211420043437,
      146.06341273334232,
      149.6294046579295,
      133.01167561172352,
      135.75326898550034,
      155.20083838302602,
      169.08448062915335,
      112.31548304582401,
      122.9214331901905,
      153.54559841579103,
      143.5557690260199,
      142.96562921495956,
      121.04445149834308,
      178.79765194966518,
      151.1178877186485,
      153.65254333651293,
      128.90340758158487,
      117.57761262993752,
      126.65956417861186,
      167.10482576573946,
      150.10822857350323,
      121.88551938099398,
      75.23308647206726,
      130.90769180212433,
      101.20765484536892,
      123.65721093499347,
      150.90409607104033,
      186.07182668400398,
      116.51810312312755,
      134.5239655655454,
      142.4218545405114,
      118.28379946977655,
      147.35091114574072,
      125.76554878019985,
      138.78882817148155,
      170.07559241997288,
      143.17608207644187,
      129.15035515353136,
      128.93902154090512,
      151.71830628768853
    ],
    [
      115.22322220957209,
      0.0,
      32.60346750715278,
      56.9677992922056,
      22.71911754130978,
      65.54553610635746,
      8.155218456583256,
      43.25477111839979,
      34.356692171407836,
      52.081487402010886,
      13.166971483735017,
      53.86849953706995,
      35.28989331607186,
      44.69012770387157,
      62.93113347430884,
      22.64032945911197,
      64.71972618470393,
      55.25398921820272,
      9.092804492044834,
      8.507035925857886,
      64.0590453181483,
      32.13910801139511,
      43.66058691639746,
      11.09201675522707,
      63.78714239046542,
      35.89724639788715,
      41.77140008654565,
      30.788025163626955,
      17.36589578122131,
      26.641399115304107,
      57.42148098044405,
      34.9308799777587,
      32.213378309216615,
      40.2127595020088,
      30.58143969757162,
      16.21006839938393,
      9.220693861460678,
      36.68455489243298,
      75.81287671179305,
      13.624783857561503,
      27.341099921412532,
      27.30013428198811,
      15.617070937646297,
      33.546088954246535,
      20.795163843374354,
      42.864473978994255,
      63.71411756045963,
      27.955326075187305,
      55.178234124403545,
      44.446448987838906,
      86.06688902827192
    ],
    [
      141.84476760072351,
      32.60346750715278,
      0.0,
      24.72292342734096,
      37.900249887735654,
      40.475322282966275,
      26.099053836045528,
      47.41401325282661,
      4.998826686740925,
      21.280731715052237,
      43.708097425968774,
      29.001099921665958,
      40.347871459000885,
      12.859884540788112,
      48.00107307238269,
      11.584974230825265,
      37.34188497244477,
      45.47925031928298,
      40.76462231363474,
      30.12879554918831,
      37.35914354875334,
      4.521057395935904,
      58.09974489003485,
      36.27893140392621,
      47.09862097891711,
      23.903812325709755,
      41.52422281963694,
      16.81686811560417,
      45.087444011834116,
      48.68946065993052,
      25.684597106657662,
      21.181137279048734,
      25.386029937323727,
      67.43880520717074,
      14.228858846821877,
      48.59063686867606,
      23.814126390632882,
      15.114722237603647,
      44.63752799137132,
      42.318528617420625,
      7.410866584986399,
      23.534852970392873,
      43.00368204712911,
      32.421090387459785,
      16.080779486792732,
      19.41157349713733,
      65.02852648767964,
      21.433758483134365,
      41.61743465414136,
      30.080109499863113,
      66.34835629002596
    ],
    [
      165.49809314448558,
      56.9677992922056,
      24.72292342734096,
      0.0,
      61.3500410441974,
      26.711419311089465,
      49.83566332730936,
      58.811095788963755,
      22.68948912650535,
      17.295733610886337,
      68.41945395134218,
      21.023673016996796,
      54.16622868710707,
      16.287558260740457,
      54.76360678284366,
      34.599433347611196,
      31.892559316161318,
      47.26321925068684,
      64.62123308754292,
      53.25348794190374,
      33.115509508226644,
      24.89256156609697,
      73.34489096704533,
      58.93898083780601,
      41.751233597559455,
      34.349942957195964,
      51.78084030489761,
      36.90101592180582,
      67.48190535786455,
      68.68592758236393,
      3.214920151109723,
      32.34013257135712,
      44.80857849554412,
      91.77919577673562,
      34.713603323619445,
      73.10748082493954,
      47.893745407801326,
      25.146431385532246,
      20.64512076464798,
      65.22540231793506,
      31.50537700177199,
      39.93267246274558,
      65.4683318104157,
      45.55867921933581,
      40.2657933587947,
      29.97318743296762,
      71.14217476196622,
      37.64056093930974,
      51.164905447908964,
      42.93708776736006,
      65.07411293523165
    ],
    [
      104.1713924847862,
      22.71911754130978,
      37.900249887735654,
      61.3500410441974,
      0.0,
      77.59559971435044,
      27.40295585975842,
      65.1049105086589,
      42.005095322660054,
      50.182362420874476,
      19.128946641430304,
      65.74560281127037,
      56.92579450357594,
      45.682230169028124,
      46.50112482322199,
      33.96266355560352,
      57.08124490962778,
      74.08019040068939,
      28.91250378789737,
      30.399266690934247,
      55.859346797434675,
      40.13983273036363,
      66.36338596199353,
      33.78457172099985,
      80.30116570413087,
      52.339536648078045,
      62.622147502696954,
      25.28467790996617,
      38.68625284722,
      48.96275628348324,
      62.93549118642587,
      50.49316654434626,
      20.152885151917616,
      31.34081761864412,
      27.00825718670876,
      26.468745364995605,
      25.880193676867723,
      48.97046943238117,
      81.9015803715352,
      35.01883225858841,
      30.50497511120071,
      45.31372154876236,
      37.33943337737414,
      53.49020141531248,
      21.910035922303102,
      36.750794181208455,
      85.61409540167479,
      45.018320769903475,
      39.077796577222955,
      31.432357553162525,
      70.49300311422903
    ],
    [
      180.1032956798006,
      65.54553610635746,
      40.475322282966275,
      26.711419311089465,
      77.59559971435044,
      0.0,
      57.40360237439715,
      47.54695027789249,
      35.843175823924184,
      43.4548410124824,
      78.58330331586714,
      11.909242233699768,
      46.652016452037365,
      39.47028850940394,
      80.85208564429652,
      44.38743412031915,
      58.544101286004626,
      28.86457895764564,
      70.66445521832196,
      58.9054726951349,
      59.80999526138818,
      37.5406483991915,
      64.23813817511653,
      62.795769927250376,
      18.1541821265763,
      31.07652930819084,
      40.89998636684034,
      56.835537677853864,
      69.73761020866188,
      66.62711353971989,
      23.496511691928134,
      31.148237914009794,
      65.44062850451776,
      104.89425677869734,
      54.27775137077085,
      81.12835697390443,
      56.666498164002206,
      29.19920036459059,
      22.726019089725604,
      68.80984194457646,
      47.72894868361294,
      39.95845446352452,
      68.09585440870838,
      39.786326969284175,
      55.80037580273216,
      53.901825621642985,
      52.709390730730334,
      38.48791752182811,
      76.52294690968273,
      66.91291593418497,
      91.68836183809883
    ],
    [
      123.31887357143603,
      8.155218456583256,
      26.099053836045528,
      49.83566332730936,
      27.40295585975842,
      57.40360237439715,
      0.0,
      37.74686970178787,
      27.14813963898493,
      46.61351801438383,
      21.296921556871467,
      45.754618895405336,
      29.54140508788525,
      38.70753327778283,
      62.183639866628766,
      15.237419853143399,
      60.597468806017424,
      47.84266873136885,
      14.79045758487668,
      4.778034192287898,
      60.13795638970906,
      24.953502809139977,
      40.98050817665062,
      11.012735853421118,
      55.87116854917065,
      27.843429417300086,
      35.30857215505625,
      28.06137760554156,
      19.64824797497648,
      26.133431059755875,
      50.06568231970338,
      26.79925684593991,
      31.634565888195823,
      48.21861639584925,
      27.196922092480946,
      24.00565888730845,
      2.8564465409715476,
      28.637397084745015,
      68.18493521883289,
      16.487051502609887,
      22.0356332728722,
      19.425843536546182,
      17.57438147146561,
      26.47022711767986,
      17.6886143996908,
      39.15798397934196,
      58.23862684314191,
      19.91235185871114,
      54.531313516959905,
      43.07997311750861,
      84.47530748701696
    ],
    [
      152.27809724847,
      43.25477111839979,
      47.41401325282661,
      58.811095788963755,
      65.1049105086589,
      47.54695027789249,
      37.74686970178787,
      0.0,
      43.97062770135094,
      66.45073791073459,
      54.27864110926024,
      41.20380578352997,
      8.244879934682231,
      58.008896416800916,
      94.38717609509371,
      38.8282365323228,
      83.77740704422092,
      21.175975487037736,
      41.76757231093467,
      34.91310764278956,
      84.08556138118885,
      43.13411618033285,
      16.797153000042677,
      33.472718979887674,
      34.34822761643926,
      25.087922044708964,
      7.098929105002053,
      59.80259072366765,
      34.81085557932227,
      25.974337346506996,
      56.91924385649224,
      27.603548763739656,
      66.23404723524244,
      80.3667147814904,
      57.81577141104789,
      52.3643055333013,
      39.61001088219636,
      35.312102245906026,
      68.11808444486304,
      36.41274325251733,
      49.51329126870475,
      24.209963405135838,
      34.36250852831376,
      14.99316367300384,
      51.18276327587756,
      66.63820211142946,
      20.515187984888033,
      26.08765471820876,
      87.33058408227282,
      75.38034805158054,
      113.75742391195313
    ],
    [
      145.58255076933605,
      34.356692171407836,
      4.998826686740925,
      22.68948912650535,
      42.005095322660054,
      35.843175823924184,
      27.14813963898493,
      43.97062770135094,
      0.0,
      23.003284238994002,
      46.20914532904395,
      24.217490071009195,
      37.31700919380129,
      14.358386612429845,
      52.48974245855602,
      11.916682015215038,
      39.948821019695195,
      40.753850679184524,
      41.936454297625225,
      30.673573613436808,
      40.167141117053134,
      2.217806890442338,
      55.64466706848999,
      36.53224470420707,
      42.102003768500964,
      19.696245900191446,
      37.77737341987521,
      21.802141279219136,
      45.22076018009548,
      47.68888906689963,
      23.07208084626493,
      16.964575489826895,
      30.350085985858627,
      70.83187385253822,
      19.21687722237626,
      50.54487415465269,
      25.227957099091615,
      10.314566231318231,
      41.68658144868817,
      42.759173914017296,
      11.901510054233817,
      20.76159643087836,
      43.16910504012904,
      29.05770590528133,
      20.0985595855769,
      23.689793245349723,
      60.91552230174547,
      18.50274652529226,
      46.29754444715417,
      34.89781293216233,
      70.07894980715251
    ],
    [
      153.0910408676497,
      52.081487402010886,
      21.280731715052237,
      17.295733610886337,
      50.182362420874476,
      43.4548410124824,
      46.61351801438383,
      66.45073791073459,
      23.003284238994002,
      0.0,
      61.3475883403295,
      35.54205667665333,
      60.17447373614348,
      8.652526855260534,
      37.51501654091245,
      32.83222124033552,
      17.520256803897542,
      59.54050122395964,
      60.812844177592645,
      50.9540091617467,
      18.135175417375997,
      24.448423918104915,
      78.6451081925079,
      57.219244263990234,
      56.64734452555053,
      41.48706818349308,
      59.91442206864026,
      24.938421330438125,
      66.0352329493641,
      69.96964308454841,
      20.370701133809415,
      38.8810966522807,
      31.208780579141745,
      81.49046126734282,
      23.550847528118688,
      67.25201865162511,
      44.05582442402932,
      31.240714125626383,
      35.997695319889715,
      63.0725343569526,
      24.77246654605358,
      43.758215902048974,
      63.944978338482635,
      51.750260713043865,
      32.065953597948806,
      14.448185784814488,
      81.9514426292535,
      41.48439638415192,
      33.93087419539953,
      26.5542229658118,
      49.840241522986524
    ],
    [
      102.06087677595312,
      13.166971483735017,
      43.708097425968774,
      68.41945395134218,
      19.128946641430304,
      78.58330331586714,
      21.296921556871467,
      54.27864110926024,
      46.20914532904395,
      61.3475883403295,
      0.0,
      66.8387448584747,
      46.7371593973539,
      54.81466691508498,
      65.01574694845226,
      34.96879054155203,
      71.80966601083662,
      67.94961204388186,
      12.862231467215125,
      21.081898626346764,
      70.8730210929471,
      44.01109665785894,
      51.53308271673672,
      20.811399273540562,
      76.86650559269175,
      49.05701124428224,
      53.72973203602432,
      37.597189513590315,
      22.174776881513264,
      33.18996197372349,
      69.18551713172843,
      48.09246672205592,
      35.97351294925382,
      27.163719479199013,
      38.223584252695446,
      7.387634649060993,
      21.94016172066233,
      49.563675794946754,
      87.8940415240238,
      19.05606066961276,
      37.414905537359104,
      40.402242507288555,
      21.467921785105265,
      46.11603198597403,
      29.307111106609113,
      50.102057491360014,
      74.37179154254314,
      41.11522433544904,
      57.40411906151019,
      48.318605797389665,
      88.90293864520852
    ],
    [
      168.2211420043437,
      53.86849953706995,
      29.001099921665958,
      21.023673016996796,
      65.74560281127037,
      11.909242233699768,
      45.754618895405336,
      41.20380578352997,
      24.217490071009195,
      35.54205667665333,
      66.8387448584747,
      0.0,
      38.55383732578055,
      29.97565350897967,
      72.03452143365031,
      32.48529712677159,
      52.1227174345924,
      26.573140447273687,
      59.34844353771735,
      47.513191868017536,
      53.127887940216695,
      25.801917283029372,
      57.23549592002199,
      51.75388043645715,
      21.135236922685465,
      20.64683992412259,
      34.15060099671558,
      45.63700587789909,
      59.115362699899336,
      57.07568949012965,
      18.17914309021007,
      20.15843772602026,
      54.255910456330916,
      93.02693995708302,
      43.05436946124818,
      69.61908037778097,
      44.90091413785717,
      17.332903703700204,
      27.090790396617045,
      57.89981026266074,
      36.11579255173185,
      29.147323556054708,
      57.37152380538791,
      30.72927833519917,
      44.01075320728231,
      44.03776031877803,
      50.81598341339658,
      27.435438458165628,
      67.06549376369463,
      56.78341837180862,
      85.16238105107757
    ],
    [
      146.06341273334232,
      35.28989331607186,
      40.347871459000885,
      54.16622868710707,
      56.92579450357594,
      46.652016452037365,
      29.54140508788525,
      8.244879934682231,
      37.31700919380129,
      60.17447373614348,
      46.7371593973539,
      38.55383732578055,
      0.0,
      51.59674313961587,
      86.67863469740978,
      31.08829224091624,
      77.26569395059128,
      24.03590007096095,
      34.5168952261115,
      26.866906653843188,
      77.46021929023033,
      36.245407767369294,
      19.184549936326416,
      25.969216903787586,
      36.2260140121254,
      19.81679739787015,
      7.713365407764611,
      51.93068259392972,
      28.559353844406107,
      21.44715908850152,
      52.61224193920866,
      21.964929612985507,
      58.15747985157727,
      73.23299890820996,
      50.02421065080949,
      45.385764683154356,
      31.369972675375166,
      29.59379666428297,
      65.62537275183267,
      29.61179781361028,
      41.856738089286274,
      16.82705870474622,
      27.779957638634112,
      8.638903886547176,
      43.08943973349268,
      59.30982940436842,
      28.697530170194664,
      18.926171010557752,
      79.52243519857105,
      67.5728802347935,
      106.5272447030443
    ],
    [
      149.6294046579295,
      44.69012770387157,
      12.859884540788112,
      16.287558260740457,
      45.682230169028124,
      39.47028850940394,
      38.70753327778283,
      58.008896416800916,
      14.358386612429845,
      8.652526855260534,
      54.81466691508498,
      29.97565350897967,
      51.59674313961587,
      0.0,
      42.08378280039453,
      24.442830500489997,
      25.77020929812022,
      52.23830944036563,
      53.18434730984904,
      42.8870819187437,
      26.13998342341723,
      15.8054507371783,
      70.00304407851054,
      49.086352297674416,
      50.658062087685714,
      33.18309213377849,
      51.57598080791603,
      20.765042984135206,
      57.9027038923221,
      61.46487802191588,
      18.588331795679697,
      30.52851783707231,
      28.525071161688103,
      76.60282407295793,
      18.728011146087166,
      60.30026319907471,
      36.27234941839651,
      23.00292976628829,
      36.858471286261924,
      55.063468021984775,
      17.474768632686985,
      35.119033055483385,
      55.81583057535297,
      43.22385444986359,
      25.651564790581133,
      14.4636001210575,
      74.01714368329704,
      32.852958177077284,
      37.17031781078137,
      27.542327608304493,
      57.06430838401288
    ],
    [
      133.01167561172352,
      62.93113347430884,
      48.00107307238269,
      54.76360678284366,
      46.50112482322199,
      80.85208564429652,
      62.183639866628766,
      94.38717609509371,
      52.48974245855602,
      37.51501654091245,
      65.01574694845226,
      72.03452143365031,
      86.67863469740978,
      42.08378280039453,
      0.0,
      55.59636278635105,
      27.20719416609164,
      93.16542355457169,
      71.58949323684524,
      66.87937562117501,
      25.362202631077324,
      52.52142146918754,
      102.27274191585502,
      72.65197685267674,
      92.7026810814852,
      71.89619510769491,
      89.06017054181636,
      34.93966676090324,
      80.23812334855003,
      88.27622732641133,
      57.87554071143967,
      69.17867434614061,
      30.774979766613203,
      72.84464802862664,
      36.67824636455159,
      72.38215641506561,
      59.38535323142707,
      62.7692625732064,
      71.72953216360804,
      76.5301275450807,
      44.873938225328985,
      70.19357900707041,
      78.38299464813069,
      79.57610857003854,
      44.802928130930354,
      28.858254525613788,
      112.87983273682057,
      68.43539285383525,
      7.755173686412641,
      19.2712214382859,
      23.996525240130822
    ],
    [
      135.75326898550034,
      22.64032945911197,
      11.584974230825265,
      34.599433347611196,
      33.96266355560352,
      44.38743412031915,
      15.237419853143399,
      38.8282365323228,
      11.916682015215038,
      32.83222124033552,
      34.96879054155203,
      32.48529712677159,
      31.08829224091624,
      24.442830500489997,
      55.59636278635105,
      0.0,
      48.40771500738437,
      41.6182069456263,
      30.021966186434756,
      18.832353746235174,
      48.26487671083405,
      9.7346460557816,
      47.655954565914875,
      24.839240466107647,
      46.47832441704648,
      19.130527781511862,
      33.874062367148454,
      21.0325664576719,
      33.61488723004138,
      37.185139845357064,
      34.859934544248105,
      16.91797481291778,
      28.113439533678143,
      60.600932600238366,
      18.9885678360949,
      38.84933689201215,
      13.433975125777206,
      15.242969713583145,
      53.17351667512907,
      30.986090110890572,
      10.792852241572838,
      14.755108457346653,
      31.54026624161451,
      24.21297498128682,
      13.782783281288049,
      28.627672288575354,
      57.937156723108096,
      13.305359011036998,
      48.50245339887059,
      36.55276028318796,
      75.77905222569592
    ],
    [
      155.20083838302602,
      64.71972618470393,
      37.34188497244477,
      31.892559316161318,
      57.08124490962778,
      58.544101286004626,
      60.597468806017424,
      83.77740704422092,
      39.948821019695195,
      17.520256803897542,
      71.80966601083662,
      52.1227174345924,
      77.26569395059128,
      25.77020929812022,
      27.20719416609164,
      48.40771500738437,
      0.0,
      76.90374054553072,
      73.77508376008893,
      65.23401142465931,
      1.8547400324865069,
      41.1084731015339,
      95.40229469678457,
      71.55984827200669,
      73.22679596687296,
      58.91910680238493,
      77.33168199794889,
      34.325653114270146,
      80.24337000884148,
      85.42172488505811,
      35.09475013074112,
      56.28255730421263,
      36.94638708861465,
      87.82164787290151,
      34.168051699120376,
      78.4736918581911,
      57.83316615324444,
      48.69514852420115,
      45.67216952909261,
      76.97326985155344,
      38.74209592962285,
      60.624762919007004,
      78.17175741853528,
      68.96149671394133,
      43.924883362015926,
      21.900283723164854,
      99.47004165960631,
      58.40907288376813,
      27.32704824621096,
      26.706812065190203,
      33.185031194892275
    ],
    [
      169.08448062915335,
      55.25398921820272,
      45.47925031928298,
      47.26321925068684,
      74.08019040068939,
      28.86457895764564,
      47.84266873136885,
      21.175975487037736,
      40.753850679184524,
      59.54050122395964,
      67.94961204388186,
      26.573140447273687,
      24.03590007096095,
      52.23830944036563,
      93.16542355457169,
      41.6182069456263,
      76.90374054553072,
      0.0,
      56.79553509253171,
      46.91211442168796,
      77.65528094722909,
      41.01137922579495,
      37.70077984226813,
      48.054980649678505,
      13.279047848031569,
      22.531505755662874,
      16.418147428302156,
      61.330248850691895,
      52.18786623071881,
      45.433794614445745,
      44.61087373919898,
      24.974014038729813,
      69.27511941157982,
      95.05399042550363,
      58.88735470296224,
      67.89783726871148,
      48.602593149448,
      30.439686638185854,
      51.15600141722498,
      52.72129515184905,
      50.422833745974735,
      28.78894534714505,
      51.16203192258644,
      21.8498092974785,
      55.40089546172139,
      64.30808003692046,
      24.37185662530196,
      29.119243364438056,
      87.04978450523576,
      75.55477693180933,
      109.23671258414517
    ],
    [
      112.31548304582401,
      9.092804492044834,
      40.76462231363474,
      64.62123308754292,
      28.91250378789737,
      70.66445521832196,
      14.79045758487668,
      41.76757231093467,
      41.936454297625225,
      60.812844177592645,
      12.862231467215125,
      59.34844353771735,
      34.5168952261115,
      53.18434730984904,
      71.58949323684524,
      30.021966186434756,
      73.77508376008893,
      56.79553509253171,
      0.0,
      11.867950445275552,
      73.1323299126398,
      39.74359485804432,
      38.77377161079982,
      8.742818198120215,
      66.71719262818696,
      39.93460530402179,
      41.802759402465206,
      39.879524130204665,
      9.823948852294489,
      20.575650337323875,
      64.8062657081994,
      39.53256302365191,
      41.00889658209331,
      38.71629533841607,
      39.659488138770925,
      11.107878713258588,
      16.953336895299355,
      42.69190140852222,
      82.75228794538582,
      6.329195341648702,
      36.04179695406689,
      30.968772690828562,
      8.750102298451155,
      35.03608081962009,
      29.860985962568037,
      51.938748424553324,
      61.66096923283498,
      32.213419580009905,
      63.835839976471256,
      53.34244739075957,
      94.91348808284721
    ],
    [
      122.9214331901905,
      8.507035925857886,
      30.12879554918831,
      53.25348794190374,
      30.399266690934247,
      58.9054726951349,
      4.778034192287898,
      34.91310764278956,
      30.673573613436808,
      50.9540091617467,
      21.081898626346764,
      47.513191868017536,
      26.866906653843188,
      42.8870819187437,
      66.87937562117501,
      18.832353746235174,
      65.23401142465931,
      46.91211442168796,
      11.867950445275552,
      0.0,
      64.80575571853245,
      28.530273362325122,
      36.76446789028964,
      6.327930794625936,
      55.8829331603436,
      28.43838340656576,
      33.26536166438199,
      32.83908079267244,
      15.099037148027417,
      21.401852031893817,
      53.269019223854826,
      27.836784298905993,
      36.2542615243525,
