{
  "metadata": {
    "nome": "media_50",
    "data_geracao": "2026-01-13T19:51:48.987097",
    "n_pacientes": 50,
    "n_equipes": 3,
    "municipio": null,
    "seed": 456,
    "fonte_equipes": "CNES/DATASUS 2025",
    "fonte_demografia": "IBGE Censo 2022",
    "fonte_demanda": "SIA/DATASUS Nov/2025"
  },
  "equipes": [
    {
      "id": 1,
      "codigo_unidade": 3550302027038,
      "tipo": "EMAD1",
      "lat": -23.61173963814688,
      "lon": -46.46362947446708,
      "capacidade_diaria": 434
    },
    {
      "id": 2,
      "codigo_unidade": 3550302027038,
      "tipo": "EMAD1",
      "lat": -23.61173963814688,
      "lon": -46.46362947446708,
      "capacidade_diaria": 361
    },
    {
      "id": 3,
      "codigo_unidade": 3550302027038,
      "tipo": "EMAD1",
      "lat": -23.61173963814688,
      "lon": -46.46362947446708,
      "capacidade_diaria": 383
    }
  ],
  "pacientes": [
    {
      "id": 1,
      "lat": -23.671931,
      "lon": -46.512614,
      "modalidade": "AD3",
      "janela_inicio": 420,
      "janela_fim": 1080,
      "frequencia": 7,
      "frequencia_unidade": "semanal",
      "tempo_servico": 90,
      "prioridade": 3
    },
    {
      "id": 2,
      "lat": -23.584535,
      "lon": -46.419436,
      "modalidade": "AD2",
      "janela_inicio": 420,
      "janela_fim": 720,
      "frequencia": 2,
      "frequencia_unidade": "semanal",
      "tempo_servico": 35,
      "prioridade": 2
    },
    {
      "id": 3,
      "lat": -23.505421,
      "lon": -46.366856,
      "modalidade": "AD2",
      "janela_inicio": 420,
      "janela_fim": 720,
      "frequencia": 1,
      "frequencia_unidade": "semanal",
      "tempo_servico": 51,
      "prioridade": 2
    },
    {
      "id": 4,
      "lat": -23.725279,
      "lon": -46.440162,
      "modalidade": "AD3",
      "janela_inicio": 420,
      "janela_fim": 1080,
      "frequencia": 7,
      "frequencia_unidade": "semanal",
      "tempo_servico": 90,
      "prioridade": 3
    },
    {
      "id": 5,
      "lat": -23.434535,
      "lon": -46.443899,
      "modalidade": "AD2",
      "janela_inicio": 780,
      "janela_fim": 1080,
      "frequencia": 1,
      "frequencia_unidade": "semanal",
      "tempo_servico": 39,
      "prioridade": 2
    },
    {
      "id": 6,
      "lat": -23.642019,
      "lon": -46.505786,
      "modalidade": "AD3",
      "janela_inicio": 420,
      "janela_fim": 1080,
      "frequencia": 6,
      "frequencia_unidade": "semanal",
      "tempo_servico": 71,
      "prioridade": 3
    },
    {
      "id": 7,
      "lat": -23.533826,
      "lon": -46.605201,
      "modalidade": "AD2",
      "janela_inicio": 780,
      "janela_fim": 1080,
      "frequencia": 2,
      "frequencia_unidade": "semanal",
      "tempo_servico": 32,
      "prioridade": 2
    },
    {
      "id": 8,
      "lat": -23.568188,
      "lon": -46.429412,
      "modalidade": "AD2",
      "janela_inicio": 420,
      "janela_fim": 720,
      "frequencia": 2,
      "frequencia_unidade": "semanal",
      "tempo_servico": 55,
      "prioridade": 2
    },
    {
      "id": 9,
      "lat": -23.563511,
      "lon": -46.335509,
      "modalidade": "AD3",
      "janela_inicio": 420,
      "janela_fim": 720,
      "frequencia": 5,
      "frequencia_unidade": "semanal",
      "tempo_servico": 86,
      "prioridade": 3
    },
    {
      "id": 10,
      "lat": -23.720993,
      "lon": -46.518316,
      "modalidade": "AD3",
      "janela_inicio": 420,
      "janela_fim": 1080,
      "frequencia": 5,
      "frequencia_unidade": "semanal",
      "tempo_servico": 59,
      "prioridade": 3
    },
    {
      "id": 11,
      "lat": -23.479018,
      "lon": -46.447791,
      "modalidade": "AD2",
      "janela_inicio": 420,
      "janela_fim": 720,
      "frequencia": 3,
      "frequencia_unidade": "semanal",
      "tempo_servico": 45,
      "prioridade": 2
    },
    {
      "id": 12,
      "lat": -23.555657,
      "lon": -46.581353,
      "modalidade": "AD3",
      "janela_inicio": 780,
      "janela_fim": 1080,
      "frequencia": 7,
      "frequencia_unidade": "semanal",
      "tempo_servico": 78,
      "prioridade": 3
    },
    {
      "id": 13,
      "lat": -23.566349,
      "lon": -46.370747,
      "modalidade": "AD3",
      "janela_inicio": 420,
      "janela_fim": 720,
      "frequencia": 7,
      "frequencia_unidade": "semanal",
      "tempo_servico": 65,
      "prioridade": 3
    },
    {
      "id": 14,
      "lat": -23.683425,
      "lon": -46.255437,
      "modalidade": "AD2",
      "janela_inicio": 420,
      "janela_fim": 720,
      "frequencia": 2,
      "frequencia_unidade": "semanal",
      "tempo_servico": 54,
      "prioridade": 2
    },
    {
      "id": 15,
      "lat": -23.599863,
      "lon": -46.463755,
      "modalidade": "AD2",
      "janela_inicio": 420,
      "janela_fim": 720,
      "frequencia": 2,
      "frequencia_unidade": "semanal",
      "tempo_servico": 59,
      "prioridade": 2
    },
    {
      "id": 16,
      "lat": -23.582006,
      "lon": -46.26678,
      "modalidade": "AD3",
      "janela_inicio": 780,
      "janela_fim": 1080,
      "frequencia": 6,
      "frequencia_unidade": "semanal",
      "tempo_servico": 58,
      "prioridade": 3
    },
    {
      "id": 17,
      "lat": -23.468698,
      "lon": -46.55577,
      "modalidade": "AD2",
      "janela_inicio": 420,
      "janela_fim": 1080,
      "frequencia": 2,
      "frequencia_unidade": "semanal",
      "tempo_servico": 38,
      "prioridade": 2
    },
    {
      "id": 18,
      "lat": -23.681412,
      "lon": -46.548348,
      "modalidade": "AD2",
      "janela_inicio": 420,
      "janela_fim": 1080,
      "frequencia": 3,
      "frequencia_unidade": "semanal",
      "tempo_servico": 32,
      "prioridade": 2
    },
    {
      "id": 19,
      "lat": -23.642257,
      "lon": -46.525328,
      "modalidade": "AD3",
      "janela_inicio": 420,
      "janela_fim": 1080,
      "frequencia": 5,
      "frequencia_unidade": "semanal",
      "tempo_servico": 71,
      "prioridade": 3
    },
    {
      "id": 20,
      "lat": -23.588956,
      "lon": -46.266757,
      "modalidade": "AD2",
      "janela_inicio": 780,
      "janela_fim": 1080,
      "frequencia": 2,
      "frequencia_unidade": "semanal",
      "tempo_servico": 44,
      "prioridade": 2
    },
    {
      "id": 21,
      "lat": -23.574952,
      "lon": -46.434679,
      "modalidade": "AD2",
      "janela_inicio": 780,
      "janela_fim": 1080,
      "frequencia": 1,
      "frequencia_unidade": "semanal",
      "tempo_servico": 50,
      "prioridade": 2
    },
    {
      "id": 22,
      "lat": -23.575382,
      "lon": -46.656773,
      "modalidade": "AD3",
      "janela_inicio": 420,
      "janela_fim": 720,
      "frequencia": 7,
      "frequencia_unidade": "semanal",
      "tempo_servico": 64,
      "prioridade": 3
    },
    {
      "id": 23,
      "lat": -23.648697,
      "lon": -46.55024,
      "modalidade": "AD2",
      "janela_inicio": 780,
      "janela_fim": 1080,
      "frequencia": 2,
      "frequencia_unidade": "semanal",
      "tempo_servico": 36,
      "prioridade": 2
    },
    {
      "id": 24,
      "lat": -23.432961,
      "lon": -46.518026,
      "modalidade": "AD2",
      "janela_inicio": 780,
      "janela_fim": 1080,
      "frequencia": 1,
      "frequencia_unidade": "semanal",
      "tempo_servico": 48,
      "prioridade": 2
    },
    {
      "id": 25,
      "lat": -23.537723,
      "lon": -46.502748,
      "modalidade": "AD2",
      "janela_inicio": 420,
      "janela_fim": 1080,
      "frequencia": 2,
      "frequencia_unidade": "semanal",
      "tempo_servico": 54,
      "prioridade": 2
    },
    {
      "id": 26,
      "lat": -23.52701,
      "lon": -46.577156,
      "modalidade": "AD2",
      "janela_inicio": 780,
      "janela_fim": 1080,
      "frequencia": 3,
      "frequencia_unidade": "semanal",
      "tempo_servico": 32,
      "prioridade": 2
    },
    {
      "id": 27,
      "lat": -23.641913,
      "lon": -46.391003,
      "modalidade": "AD3",
      "janela_inicio": 420,
      "janela_fim": 1080,
      "frequencia": 7,
      "frequencia_unidade": "semanal",
      "tempo_servico": 49,
      "prioridade": 3
    },
    {
      "id": 28,
      "lat": -23.662663,
      "lon": -46.582938,
      "modalidade": "AD3",
      "janela_inicio": 420,
      "janela_fim": 720,
      "frequencia": 6,
      "frequencia_unidade": "semanal",
      "tempo_servico": 59,
      "prioridade": 3
    },
    {
      "id": 29,
      "lat": -23.630957,
      "lon": -46.611994,
      "modalidade": "AD2",
      "janela_inicio": 420,
      "janela_fim": 720,
      "frequencia": 1,
      "frequencia_unidade": "semanal",
      "tempo_servico": 39,
      "prioridade": 2
    },
    {
      "id": 30,
      "lat": -23.496869,
      "lon": -46.376108,
      "modalidade": "AD2",
      "janela_inicio": 420,
      "janela_fim": 1080,
      "frequencia": 1,
      "frequencia_unidade": "semanal",
      "tempo_servico": 56,
      "prioridade": 2
    },
    {
      "id": 31,
      "lat": -23.54231,
      "lon": -46.492755,
      "modalidade": "AD3",
      "janela_inicio": 780,
      "janela_fim": 1080,
      "frequencia": 7,
      "frequencia_unidade": "semanal",
      "tempo_servico": 61,
      "prioridade": 3
    },
    {
      "id": 32,
      "lat": -23.672838,
      "lon": -46.380822,
      "modalidade": "AD2",
      "janela_inicio": 420,
      "janela_fim": 720,
      "frequencia": 3,
      "frequencia_unidade": "semanal",
      "tempo_servico": 59,
      "prioridade": 2
    },
    {
      "id": 33,
      "lat": -23.822614,
      "lon": -46.511963,
      "modalidade": "AD3",
      "janela_inicio": 420,
      "janela_fim": 720,
      "frequencia": 7,
      "frequencia_unidade": "semanal",
      "tempo_servico": 90,
      "prioridade": 3
    },
    {
      "id": 34,
      "lat": -23.632919,
      "lon": -46.394987,
      "modalidade": "AD3",
      "janela_inicio": 420,
      "janela_fim": 720,
      "frequencia": 6,
      "frequencia_unidade": "semanal",
      "tempo_servico": 55,
      "prioridade": 3
    },
    {
      "id": 35,
      "lat": -23.723035,
      "lon": -46.548469,
      "modalidade": "AD2",
      "janela_inicio": 420,
      "janela_fim": 720,
      "frequencia": 2,
      "frequencia_unidade": "semanal",
      "tempo_servico": 42,
      "prioridade": 2
    },
    {
      "id": 36,
      "lat": -23.641826,
      "lon": -46.494103,
      "modalidade": "AD2",
      "janela_inicio": 420,
      "janela_fim": 720,
      "frequencia": 3,
      "frequencia_unidade": "semanal",
      "tempo_servico": 47,
      "prioridade": 2
    },
    {
      "id": 37,
      "lat": -23.542793,
      "lon": -46.4612,
      "modalidade": "AD2",
      "janela_inicio": 420,
      "janela_fim": 1080,
      "frequencia": 3,
      "frequencia_unidade": "semanal",
      "tempo_servico": 48,
      "prioridade": 2
    },
    {
      "id": 38,
      "lat": -23.429396,
      "lon": -46.35125,
      "modalidade": "AD2",
      "janela_inicio": 420,
      "janela_fim": 720,
      "frequencia": 1,
      "frequencia_unidade": "semanal",
      "tempo_servico": 58,
      "prioridade": 2
    },
    {
      "id": 39,
      "lat": -23.665937,
      "lon": -46.567971,
      "modalidade": "AD3",
      "janela_inicio": 780,
      "janela_fim": 1080,
      "frequencia": 5,
      "frequencia_unidade": "semanal",
      "tempo_servico": 75,
      "prioridade": 3
    },
    {
      "id": 40,
      "lat": -23.612225,
      "lon": -46.421731,
      "modalidade": "AD3",
      "janela_inicio": 420,
      "janela_fim": 720,
      "frequencia": 6,
      "frequencia_unidade": "semanal",
      "tempo_servico": 90,
      "prioridade": 3
    },
    {
      "id": 41,
      "lat": -23.569644,
      "lon": -46.514277,
      "modalidade": "AD2",
      "janela_inicio": 420,
      "janela_fim": 720,
      "frequencia": 3,
      "frequencia_unidade": "semanal",
      "tempo_servico": 55,
      "prioridade": 2
    },
    {
      "id": 42,
      "lat": -23.659593,
      "lon": -46.57507,
      "modalidade": "AD2",
      "janela_inicio": 420,
      "janela_fim": 1080,
      "frequencia": 3,
      "frequencia_unidade": "semanal",
      "tempo_servico": 56,
      "prioridade": 2
    },
    {
      "id": 43,
      "lat": -23.550136,
      "lon": -46.546556,
      "modalidade": "AD3",
      "janela_inicio": 420,
      "janela_fim": 1080,
      "frequencia": 7,
      "frequencia_unidade": "semanal",
      "tempo_servico": 46,
      "prioridade": 3
    },
    {
      "id": 44,
      "lat": -23.643409,
      "lon": -46.433447,
      "modalidade": "AD2",
      "janela_inicio": 420,
      "janela_fim": 1080,
      "frequencia": 1,
      "frequencia_unidade": "semanal",
      "tempo_servico": 47,
      "prioridade": 2
    },
    {
      "id": 45,
      "lat": -23.61641,
      "lon": -46.348085,
      "modalidade": "AD3",
      "janela_inicio": 420,
      "janela_fim": 720,
      "frequencia": 7,
      "frequencia_unidade": "semanal",
      "tempo_servico": 80,
      "prioridade": 3
    },
    {
      "id": 46,
      "lat": -23.472166,
      "lon": -46.655266,
      "modalidade": "AD2",
      "janela_inicio": 780,
      "janela_fim": 1080,
      "frequencia": 2,
      "frequencia_unidade": "semanal",
      "tempo_servico": 31,
      "prioridade": 2
    },
    {
      "id": 47,
      "lat": -23.567408,
      "lon": -46.505051,
      "modalidade": "AD3",
      "janela_inicio": 420,
      "janela_fim": 720,
      "frequencia": 5,
      "frequencia_unidade": "semanal",
      "tempo_servico": 62,
      "prioridade": 3
    },
    {
      "id": 48,
      "lat": -23.68269,
      "lon": -46.287158,
      "modalidade": "AD3",
      "janela_inicio": 780,
      "janela_fim": 1080,
      "frequencia": 6,
      "frequencia_unidade": "semanal",
      "tempo_servico": 57,
      "prioridade": 3
    },
    {
      "id": 49,
      "lat": -23.66293,
      "lon": -46.33104,
      "modalidade": "AD2",
      "janela_inicio": 420,
      "janela_fim": 720,
      "frequencia": 1,
      "frequencia_unidade": "semanal",
      "tempo_servico": 38,
      "prioridade": 2
    },
    {
      "id": 50,
      "lat": -23.659637,
      "lon": -46.160757,
      "modalidade": "AD2",
      "janela_inicio": 420,
      "janela_fim": 720,
      "frequencia": 2,
      "frequencia_unidade": "semanal",
      "tempo_servico": 59,
      "prioridade": 2
    }
  ],
  "matriz_tempos": [
    [
      0.0,
      20.03573066424909,
      13.019666807869253,
      36.951977791772755,
      30.838139641324872,
      47.536015918385644,
      13.097083979906492,
      40.39114003146894,
      14.321805231402662,
      33.87486662747599,
      32.07417477146557,
      35.630460959881795,
      32.450180456523135,
      25.7439891234564,
      54.37119157112553,
      3.1696412137387786,
      48.78981104511557,
      44.33261913258147,
      27.832177012122756,
      17.143145057089622,
      48.527003503630304,
      12.104145288651996,
      48.221354566629955,
      23.359713847882407,
      49.532174417249394,
      21.948069629582516,
      35.810746772757696,
      19.497453940344812,
      32.1787994268668,
      36.63701938792063,
      37.391988201874824,
      19.850833303520027,
      25.993696881319433,
      57.50130174972456,
      17.709659631880847,
      36.22383614110914,
      10.95350237075055,
      18.409232189076192,
      55.89398146209349,
      29.324028972041937,
      10.246059051949311,
      16.722151802762436,
      30.089569281760554,
      26.10846307695206,
      11.219869883244973,
      28.28058257502042,
      59.87982071234154,
      15.575270678566001,
      47.11243938126308,
      35.17628016596881,
      75.14175598359117
    ],
    [
      20.03573066424909,
      0.0,
      32.6032212512982,
      56.967896106213736,
      22.718758393464874,
      65.5456004362904,
      8.155171569504255,
      43.25486254610826,
      34.3564271271479,
      52.08135356698104,
      13.167003378618436,
      53.86848730499516,
      35.28970357671858,
      44.68983540918439,
      62.92953426727656,
      22.640209451905154,
      64.71947637430495,
      55.254070708429765,
      9.092673175227286,
      8.507038381847563,
      64.05868475815154,
      32.138963736888954,
      43.660688825668515,
      11.091978497490869,
      63.78714557613784,
      35.896964151962,
      41.7715243350838,
      30.78724329745407,
      17.365772639537497,
      26.641055240774808,
      57.421662466894915,
      34.930884333878765,
      32.21252784650425,
      40.21275874136536,
      30.580661244343183,
      16.20997479428481,
      9.220650047847638,
      36.68446429665742,
      75.81326583989248,
      13.624530689448775,
      27.340877038516076,
      27.30013743732159,
      15.616852486712427,
      33.5461099251196,
      20.794720524646262,
      42.86392117873331,
      63.71453562988237,
      27.95505643605861,
      55.1769496862646,
      44.445602410524515,
      86.06514681808574
    ],
    [
      13.019666807869253,
      32.6032212512982,
      0.0,
      24.723125128419635,
      37.90019900358354,
      40.475336091670705,
      26.099030831109026,
      47.41471222836575,
      4.998513461017739,
      21.28114126229985,
      43.707971727547566,
      29.001152901226888,
      40.3482824768471,
      12.85996499679938,
      48.00088130264547,
      11.584956384411875,
      37.3425362206211,
      45.480025451247926,
      40.76431897984889,
      30.12864263826744,
      37.359707405502036,
      4.521046830978955,
      58.10045250452785,
      36.278788064773806,
      47.09902297264137,
      23.90400463312199,
      41.524970738782486,
      16.816819086066896,
      45.087290067707166,
      48.68927820886962,
      25.684793415396708,
      21.18119125640026,
      25.386031380562354,
      67.43854678779516,
      14.229062633991825,
      48.59024977641094,
      23.81396409326407,
      15.11488321193297,
      44.63780218894166,
      42.318207682685966,
      7.410852868098225,
      23.535127288295023,
      43.003425363624004,
      32.42142784927228,
      16.08076663826338,
      19.411718927018264,
      65.03008468217362,
      21.433790597571146,
      41.617562622619964,
      30.080220902147886,
      66.34825227629048
    ],
    [
      36.951977791772755,
      56.967896106213736,
      24.723125128419635,
      0.0,
      61.34997008761908,
      26.712059069734547,
      49.8360203743701,
      58.81294831372444,
      22.68988471840703,
      17.295856174572005,
      68.41955544499305,
      21.02456469485068,
      54.16772678915417,
      16.287568520019345,
      54.76369090218572,
      34.59976582886223,
      31.89315857837082,
      47.26534693369412,
      64.6213809984751,
      53.25380847776151,
      33.11603399604661,
      24.89286074534892,
      73.34675607194795,
      58.93938129609504,
      41.75287769242321,
      34.351141045892845,
      51.78269212093745,
      36.901060470653356,
      67.48237141739885,
      68.68658379846582,
      3.2148941647586526,
      32.34089310545092,
      44.808582349381986,
      91.77896015005867,
      34.71392141792207,
      73.10743027758713,
      47.893940893163546,
      25.147224375110145,
      20.645162673715745,
      65.2256557606905,
      31.50544147066983,
      39.93359772911711,
      65.46868863800277,
      45.55988831129892,
      40.265890915475474,
      29.97320135918439,
      71.14535654717558,
      37.64140639978059,
      51.16524248901305,
      42.93713844510794,
      65.07454638112628
    ],
    [
      30.838139641324872,
      22.718758393464874,
      37.90019900358354,
      61.34997008761908,
      0.0,
      77.59560196003785,
      27.402884282336966,
      65.10486853523022,
      42.00482016852047,
      50.18213357310734,
      19.128620754144798,
      65.74561231027525,
      56.925484479931214,
      45.682016869261666,
      46.49947700454793,
      33.96268143350848,
      57.08075670182016,
      74.08038210644511,
      28.911854729219403,
      30.3989993028298,
      55.858776900564465,
      40.13982383445294,
      66.36309425867273,
      33.78415674898714,
      80.30126731310233,
      52.33934577501363,
      62.62223983684411,
      25.28433401986061,
      38.68560460129261,
      48.96195065137734,
      62.93546857002881,
      50.493156308907075,
      20.152387949876747,
      31.340403726473557,
      27.007742110004507,
      26.467868527186194,
      25.880074242735375,
      48.97050376013767,
      81.9016004338317,
      35.01809652455046,
      30.504944033740784,
      45.3137485939807,
      37.33873585700471,
      53.49016590858125,
      21.91001437056768,
      36.75037645411618,
      85.61446281622669,
      45.0180480320201,
      39.0764506238181,
      31.431649759481573,
      70.49093731498476
    ],
    [
      47.536015918385644,
      65.5456004362904,
      40.475336091670705,
      26.712059069734547,
      77.59560196003785,
      0.0,
      57.40373401514174,
      47.54843480257445,
      35.84346221027481,
      43.4555032191314,
      78.58341099572863,
      11.909258271832277,
      46.65320899459771,
      39.47052226626905,
      80.85255440388882,
      44.3874550538717,
      58.545387890154664,
      28.86621668229202,
      70.66461888711527,
      58.90563385146254,
      59.81118627548565,
      37.54064944858777,
      64.23987783588663,
      62.79604345867547,
      18.155353032466508,
      31.07713051201228,
      40.90132162856364,
      56.8355600584433,
      69.73803747038035,
      66.6277406538599,
      23.497177853336886,
      31.14839198874463,
      65.44068840596718,
      104.89425479379186,
      54.278035754671365,
      81.12844945191232,
      56.66655013334726,
      29.199254260327436,
      22.72745051681015,
      68.810098637908,
      47.72897486000557,
      39.958792625101175,
      68.09618673632109,
      39.78698809330887,
      55.80037582392581,
      53.90212320434565,
      52.712409536905724,
      38.488371440572806,
      76.52357641106421,
      66.91322068710974,
      91.6895568149018
    ],
    [
      13.097083979906492,
      8.155171569504255,
      26.099030831109026,
      49.8360203743701,
      27.402884282336966,
      57.40373401514174,
      0.0,
      37.74693813333696,
      27.148098581996827,
      46.613755275486255,
      21.296930945531905,
      45.754685461586675,
      29.54118970848151,
      38.7075376654406,
      62.18262058695827,
      15.23744928983441,
      60.597711890346716,
      47.842748806497625,
      14.790230846754449,
      4.777837063452261,
      60.13809132757369,
      24.953543292788936,
      40.980609381894354,
      11.012519094257549,
      55.871168647130546,
      27.843161697732373,
      35.30868392913774,
      28.060945491397806,
      19.64799867807907,
      26.13296858482525,
      50.06610462974751,
      26.799286330413608,
      31.634130817116546,
      48.21861382585887,
      27.196538274853577,
      24.0054976999479,
      2.8566014033579763,
      28.63739452092539,
      68.18555305619446,
      16.486672927027602,
      22.035684469971645,
      19.42584515501845,
      17.57402674813577,
      26.470202840437878,
      17.688461202733404,
      39.157823133431506,
      58.23911538509078,
      19.912086421402893,
      54.53060615705482,
      43.07959004006235,
      84.47424665999701
    ],
    [
      40.39114003146894,
      43.25486254610826,
      47.41471222836575,
      58.81294831372444,
      65.10486853523022,
      47.54843480257445,
      37.74693813333696,
      0.0,
      43.97166460551732,
      66.45223372131237,
      54.27850107259888,
      41.205015394233605,
      8.245164372374841,
      58.00995334772796,
      94.3872325779568,
      38.828707077513066,
      83.77912118144037,
      21.17614938499812,
      41.76759225167143,
      34.913225689318836,
      84.08712843743535,
      43.13487612956396,
      16.797473254243155,
      33.47275478780435,
      34.348815525458384,
      25.088466372378708,
      7.098968514027983,
      59.80277590373937,
      34.81084245161034,
      25.974329523785073,
      56.92121815357366,
      27.604390321269086,
      66.23413614644282,
      80.3665393980865,
      57.816162143437154,
      52.3642866477339,
      39.61022812057013,
      35.31283579858081,
      68.12069324070792,
      36.4127740005562,
      49.513910045966206,
      24.210296776986333,
      34.36252450643111,
      14.993522786386565,
      51.18299752178647,
      66.63894842231487,
      20.515571186701138,
      26.088298731025596,
      87.33086315325386,
      75.38074564785472,
      113.75797850807906
    ],
    [
      14.321805231402662,
      34.3564271271479,
      4.998513461017739,
      22.68988471840703,
      42.00482016852047,
      35.84346221027481,
      27.148098581996827,
      43.97166460551732,
      0.0,
      23.00362663660575,
      46.2089408103088,
      24.217819253757973,
      37.31774341619928,
      14.358360338289597,
      52.489325960881,
      11.916621953717168,
      39.94938959135138,
      40.75498640415766,
      41.936196130557605,
      30.6734676065162,
      40.167605003739844,
      2.217681644626443,
      55.6456938270028,
      36.53218641081918,
      42.102723761492754,
      19.696785482966742,
      37.77846156809292,
      21.80177646375091,
      45.22072766684288,
      47.68891882607217,
      23.072515531892307,
      16.964923326984323,
      30.349773295888145,
      70.83149320939238,
      19.216763546496495,
      50.54449417616866,
      25.227768194406355,
      10.315053840761648,
      41.68713244906424,
      42.7589560741716,
      11.901247008126383,
      20.762094790643538,
      43.168968046519595,
      29.058333369265846,
      20.098299887305387,
      23.689676749464947,
      60.91748437112994,
      18.503055271561312,
      46.29742051508624,
      34.897632770752615,
      70.07874114038648
    ],
    [
      33.87486662747599,
      52.08135356698104,
      21.28114126229985,
      17.295856174572005,
      50.18213357310734,
      43.4555032191314,
      46.613755275486255,
      66.45223372131237,
      23.00362663660575,
      0.0,
      61.347436038103254,
      35.54287219862872,
      60.17561067034901,
      8.652884953726016,
      37.51494060460315,
      32.83259387059765,
      17.520598977369904,
      59.54233501805416,
      60.81267047961107,
      50.954130274009714,
      18.13544864270425,
      24.448880731280838,
      78.64648819946447,
      57.21937956432833,
      56.648802700553055,
      41.48806858680252,
      59.915982602965336,
      24.938589384264503,
      66.03533851364986,
      69.96987666909507,
      20.370812246603062,
      38.88179738135948,
      31.208803543779442,
      81.48986432047788,
      23.551253702584116,
      67.25158650160229,
      44.05588819974518,
      31.241552982506175,
      35.99771589413301,
      63.07243469507737,
      24.77258992248691,
      43.75905838761447,
      63.94498090772344,
      51.7512750375174,
      32.06607537473449,
      14.448203255138807,
      81.9541183374073,
      41.48505841921243,
      33.93112472412051,
      26.554226906525734,
      49.84022005744999
    ],
    [
      32.07417477146557,
      13.167003378618436,
      43.707971727547566,
      68.41955544499305,
      19.128620754144798,
      78.58341099572863,
      21.296930945531905,
      54.27850107259888,
      46.2089408103088,
      61.347436038103254,
      0.0,
      66.83878868527765,
      46.73678147780847,
      54.81443627629152,
      65.01392042599085,
      34.96878598252438,
      71.80926551906171,
      67.94960974591386,
      12.86193951275181,
      21.08187187395458,
      70.8725137688435,
      44.01105788399549,
      51.53275070115742,
      20.811236845673765,
      76.86650579416008,
      49.05675107555367,
      53.72969300819359,
      37.596561248692616,
      22.174365584625797,
      33.18934126478701,
      69.1857014313131,
      48.092508649574086,
      35.972738530923934,
      27.163723504287592,
      38.222891794947834,
      7.387098056666472,
      21.940210347639315,
      49.563664483072436,
      87.89439743153653,
      19.055630575393142,
      37.41481018253322,
      40.40224540181265,
      21.467494979761845,
      46.11598422593935,
      29.30687330344933,
      50.10153973420527,
      74.37184066530237,
      41.114978846665096,
      57.40261510632664,
      48.31772511447173,
      88.90078971992035
    ],
    [
      35.630460959881795,
      53.86848730499516,
      29.001152901226888,
      21.02456469485068,
      65.74561231027525,
      11.909258271832277,
      45.754685461586675,
      41.205015394233605,
      24.217819253757973,
      35.54287219862872,
      66.83878868527765,
      0.0,
      38.554786753543354,
      29.9760012319409,
      72.03492525657131,
      32.4852947841226,
      52.12405375519042,
      26.57444937991995,
      59.34848215724939,
      47.51325358643302,
      53.12911932933656,
      25.80193922774304,
      57.236888804644806,
      51.75402160079911,
      21.13591031542552,
      20.64736201202965,
      34.15174414311165,
      45.63705521013934,
      59.11561256065995,
      57.07605934530269,
      18.180110768914478,
      20.158506017263136,
      54.25599891820003,
      93.02689307340441,
      43.054678692840795,
      69.61905942446235,
      44.90090854168337,
      17.332933265343385,
      27.092061474010045,
      57.89990272454772,
      36.11585577430282,
      29.14758672732011,
      57.37168153450287,
      30.729804114964633,
      44.01076481167495,
      44.038131268210186,
      50.81845598376648,
      27.43579017476054,
      67.06609240697449,
      56.78376211358331,
      85.16337027724123
    ],
    [
      32.450180456523135,
      35.28970357671858,
      40.3482824768471,
      54.16772678915417,
      56.925484479931214,
      46.65320899459771,
      29.54118970848151,
      8.245164372374841,
      37.31774341619928,
      60.17561067034901,
      46.73678147780847,
      38.554786753543354,
      0.0,
      51.59747278846717,
      86.67830103718282,
      31.088493603011777,
      77.26699347767966,
      24.036172049881433,
      34.51664115317721,
      26.86673418842687,
      77.46137421723017,
      36.24589610486927,
      19.184928876201845,
      25.96896770598034,
      36.22652236954527,
      19.81709379133282,
      7.713612825411863,
      51.93055106275339,
      28.55908845906916,
      21.446876379250863,
      52.613862511635354,
      21.965576158616294,
      58.15725501585494,
      73.23261340085185,
      50.02427482863956,
      45.385490525108004,
      31.369904737806664,
      29.594297338801855,
      65.62754839620641,
      29.611542381513235,
      41.85706606795156,
      16.82717345505025,
      27.779693413008864,
      8.639147622507306,
      43.089379351329015,
      59.310235253008564,
      28.698237371590015,
      18.926558237211463,
      79.52234034011532,
      67.5729356602805,
      106.52732535252231
    ],
    [
      25.7439891234564,
      44.68983540918439,
      12.85996499679938,
      16.287568520019345,
      45.682016869261666,
      39.47052226626905,
      38.7075376654406,
      58.00995334772796,
      14.358360338289597,
      8.652884953726016,
      54.81443627629152,
      29.9760012319409,
      51.59747278846717,
      0.0,
      42.08379691716156,
      24.442895968045537,
      25.770879709405342,
      52.23960500612156,
      53.184013827056226,
      42.88696776111879,
      26.140573877736934,
      15.805555856339051,
      70.00404423009888,
      49.08625554022536,
      50.65896455992154,
      33.18365362327299,
      51.57709397280676,
      20.76505782044957,
      57.90259363238113,
      61.46483151376577,
      18.588314981542926,
      30.52880842458768,
      28.52505963329446,
      76.60232248030746,
      18.728282333194446,
      60.299758743327885,
      36.27219399514521,
      23.00335863419106,
      36.858519659780576,
      55.06316845516357,
      17.47466105058515,
      35.11950402870464,
      55.81561646264221,
      43.22446249780734,
      25.65151309182728,
      14.463676080323806,
      74.01927400659213,
      32.85324179888208,
      37.17063566644384,
      27.542434403535974,
      57.06445785396696
    ],
    [
      54.37119157112553,
      62.92953426727656,
      48.00088130264547,
      54.76369090218572,
      46.49947700454793,
      80.85255440388882,
      62.18262058695827,
      94.3872325779568,
      52.489325960881,
      37.51494060460315,
      65.01392042599085,
      72.03492525657131,
      86.67830103718282,
      42.08379691716156,
      0.0,
      55.595861489520225,
      27.20717282828388,
      93.16626193975407,
      71.58763181522117,
      66.87812221721997,
      25.36218393226591,
      52.52122143695565,
      102.2722864968486,
      72.65058051394205,
      92.70351706271624,
      71.89616358709588,
      89.06044139926443,
      34.93929091789091,
      80.2364691199868,
      88.27467422549178,
      57.87559276884443,
      69.17852277178015,
      30.774288108729095,
      72.84199317520378,
      36.67779775083389,
      72.37982046416279,
      59.38420631153798,
      62.76936318074045,
      71.72967232860533,
      76.52831344369628,
      44.87337941371095,
      70.19335156452345,
      78.38128125133159,
      79.57594853487996,
      44.802182744770995,
      28.85800974205282,
      112.88096810142981,
      68.43492955297498,
      7.754858433823902,
      19.270682230646187,
      23.996088344815394
    ],
    [
      3.1696412137387786,
      22.640209451905154,
      11.584956384411875,
      34.59976582886223,
      33.96268143350848,
      44.3874550538717,
      15.23744928983441,
      38.828707077513066,
      11.916621953717168,
      32.83259387059765,
      34.96878598252438,
      32.4852947841226,
      31.088493603011777,
      24.442895968045537,
      55.595861489520225,
      0.0,
      48.4082480720183,
      41.618619908929915,
      30.021778251355776,
      18.8322591581935,
      48.26531103573597,
      9.73466228844361,
      47.656501939182256,
      24.83914927593882,
      46.47845240767013,
      19.1304277010687,
      33.87456122714858,
      21.032341007530622,
      33.61478928727707,
      37.18493702469344,
      34.86030102419701,
      16.917955211684525,
      28.113287953632057,
      60.60086338723126,
      18.988497472770327,
      38.84912529386194,
      13.43390208827155,
      15.242963583287574,
      53.17401701135307,
      30.985845775868285,
      10.792957390637199,
      14.755280924496738,
      31.540067676341693,
      24.2131595939323,
      13.782749739690233,
      28.627706099619346,
      57.93829174503778,
      13.30520094849559,
      48.502266424569534,
      36.55269542026093,
      75.77861798177233
    ],
    [
      48.78981104511557,
      64.71947637430495,
      37.3425362206211,
      31.89315857837082,
      57.08075670182016,
      58.545387890154664,
      60.597711890346716,
      83.77912118144037,
      39.94938959135138,
      17.520598977369904,
      71.80926551906171,
      52.12405375519042,
      77.26699347767966,
      25.770879709405342,
      27.20717282828388,
      48.4082480720183,
      0.0,
      76.90602751131765,
      73.77474042043335,
      65.23411122918299,
      1.854739906785225,
      41.10917583632541,
      95.40373858331445,
      71.55992408538587,
      73.22885079695311,
      58.920384004666936,
      77.3335008896749,
      34.325996213452115,
      80.24334899321519,
      85.4218984299549,
      35.095321814065954,
      56.28354113107385,
      36.94643215086685,
      87.82049885349757,
      34.16854337983301,
      78.47294846856283,
      57.83323234488052,
      48.696290877137415,
      45.672592680728435,
      76.97303516656572,
      38.74237716148056,
      60.62579932851718,
      78.17164290756632,
      68.96273086886583,
      43.92507212593694,
      21.900529980599718,
      99.4730742290443,
      58.40991760131268,
      27.327317844655013,
      26.706793610029912,
      33.1848474221474
    ],
    [
      44.33261913258147,
      55.254070708429765,
      45.480025451247926,
      47.26534693369412,
      74.08038210644511,
      28.86621668229202,
      47.842748806497625,
      21.17614938499812,
      40.75498640415766,
      59.54233501805416,
      67.94960974591386,
      26.57444937991995,
      24.036172049881433,
      52.23960500612156,
      93.16626193975407,
      41.618619908929915,
      76.90602751131765,
      0.0,
      56.7955424906002,
      46.91217213353559,
      77.65742916589073,
      41.01213771715409,
      37.70129585011737,
      48.05498586756055,
      13.279515547289378,
      22.532027059863747,
      16.418210941377964,
      61.33073621980979,
      52.18787258767205,
      45.43379259114427,
      44.613108455162354,
      24.974554349775676,
      69.2755717752555,
      95.05398566615199,
      58.888088937732505,
      67.89784223940978,
      48.60276581472594,
      30.440337283697115,
      51.158984394924325,
      52.721283480051916,
      50.42352504209931,
      28.789083317124284,
      51.16202046753924,
      21.84983726161568,
      55.401273143921856,
      64.30917632879085,
      24.37307483888009,
      29.119756606327826,
      87.05078006202298,
      75.55564358084814,
      109.2383026900345
    ],
    [
      27.832177012122756,
      9.092673175227286,
      40.76431897984889,
      64.6213809984751,
      28.911854729219403,
      70.66461888711527,
      14.790230846754449,
      41.76759225167143,
      41.936196130557605,
      60.81267047961107,
      12.86193951275181,
      59.34848215724939,
      34.51664115317721,
      53.184013827056226,
      71.58763181522117,
      30.021778251355776,
      73.77474042043335,
      56.7955424906002,
      0.0,
      11.86790666813186,
      73.13186491861667,
      39.74341153367825,
      38.773808917926466,
      8.742820271759218,
      66.71720166261748,
      39.93430126913994,
      41.80279564011402,
      39.87860787366153,
      9.823922279825547,
      20.57538984841004,
      64.80651907067185,
      39.53259287679958,
      41.0078554253438,
      38.71616623889233,
      39.65859185456184,
      11.107878787429376,
      16.953190603491755,
      42.69179031070892,
      82.752823323922,
      6.329081526979136,
      36.041491187251445,
      30.968721634771985,
      8.750004172058318,
      35.03608057867259,
      29.86042020082161,
      51.93808138598338,
      61.661195224726846,
      32.213158003164445,
      63.834295168623136,
      53.34140655859612,
      94.9114856264249
    ],
    [
      17.143145057089622,
      8.507038381847563,
      30.12864263826744,
      53.25380847776151,
      30.3989993028298,
      58.90563385146254,
      4.777837063452261,
      34.913225689318836,
      30.6734676065162,
      50.954130274009714,
      21.08187187395458,
      47.51325358643302,
      26.86673418842687,
      42.88696776111879,
      66.87812221721997,
      18.8322591581935,
      65.23411122918299,
      46.91217213353559,
      11.86790666813186,
      0.0,
      64.80574001686064,
      28.530208773694838,
      36.764687920664414,
      6.327914126619632,
      55.88293244737508,
      28.438093546093313,
      33.26548564235379,
      32.83845040121654,
      15.098994334052461,
      21.401576086810746,
      53.269423926866594,
      27.836822904873856,
      36.25360375610389,
      48.24209836125085,
      31.96274596801128,
      22.286568012855817,
      7.634419320982908,
      30.830738575319952,
      70.99928787602634,
      12.189904418936248,
      26.566877390022363,
      19.565596084789494,
      13.009949220620264,
      25.126285305489326,
