{
  "metadata": {
    "nome": "pequena_20",
    "data_geracao": "2026-01-14T07:13:38.655539",
    "n_pacientes": 20,
    "n_equipes": 2,
    "municipio": null,
    "seed": 123,
    "fonte_equipes": "CNES/DATASUS Ago/2025 (tbEquipe202508)",
    "fonte_demografia": "IBGE Censo 2022",
    "codigos_equipe_ad": {
      "22": "EMAD I",
      "46": "EMAD II",
      "23": "EMAP",
      "77": "EMAP-R"
    }
  },
  "equipes": [
    {
      "id": 1,
      "codigo_unidade": "3520502063603",
      "codigo_equipe": "0001527339",
      "tipo_codigo": 22,
      "tipo": "EMAD I",
      "lat": -23.11952515,
      "lon": -47.2338767864077,
      "capacidade_diaria": 438
    },
    {
      "id": 2,
      "codigo_unidade": "3550305420938",
      "codigo_equipe": "0000367907",
      "tipo_codigo": 23,
      "tipo": "EMAP",
      "lat": -23.59716988434853,
      "lon": -46.40342500810171,
      "capacidade_diaria": 416
    }
  ],
  "pacientes": [
    {
      "id": 1,
      "lat": -23.456152,
      "lon": -46.720779,
      "modalidade": "AD2",
      "janela_inicio": 780,
      "janela_fim": 1080,
      "frequencia": 3,
      "frequencia_unidade": "semanal",
      "tempo_servico": 57,
      "prioridade": 2
    },
    {
      "id": 2,
      "lat": -23.398167,
      "lon": -46.682294,
      "modalidade": "AD2",
      "janela_inicio": 420,
      "janela_fim": 720,
      "frequencia": 1,
      "frequencia_unidade": "semanal",
      "tempo_servico": 44,
      "prioridade": 2
    },
    {
      "id": 3,
      "lat": -23.491649,
      "lon": -46.713523,
      "modalidade": "AD2",
      "janela_inicio": 780,
      "janela_fim": 1080,
      "frequencia": 1,
      "frequencia_unidade": "semanal",
      "tempo_servico": 34,
      "prioridade": 2
    },
    {
      "id": 4,
      "lat": -23.441184,
      "lon": -46.619601,
      "modalidade": "AD2",
      "janela_inicio": 780,
      "janela_fim": 1080,
      "frequencia": 1,
      "frequencia_unidade": "semanal",
      "tempo_servico": 59,
      "prioridade": 2
    },
    {
      "id": 5,
      "lat": -23.316398,
      "lon": -46.747513,
      "modalidade": "AD2",
      "janela_inicio": 780,
      "janela_fim": 1080,
      "frequencia": 2,
      "frequencia_unidade": "semanal",
      "tempo_servico": 51,
      "prioridade": 2
    },
    {
      "id": 6,
      "lat": -23.47131,
      "lon": -46.881235,
      "modalidade": "AD2",
      "janela_inicio": 780,
      "janela_fim": 1080,
      "frequencia": 3,
      "frequencia_unidade": "semanal",
      "tempo_servico": 35,
      "prioridade": 2
    },
    {
      "id": 7,
      "lat": -23.525522,
      "lon": -46.993274,
      "modalidade": "AD2",
      "janela_inicio": 780,
      "janela_fim": 1080,
      "frequencia": 1,
      "frequencia_unidade": "semanal",
      "tempo_servico": 45,
      "prioridade": 2
    },
    {
      "id": 8,
      "lat": -23.274792,
      "lon": -46.83569,
      "modalidade": "AD3",
      "janela_inicio": 780,
      "janela_fim": 1080,
      "frequencia": 7,
      "frequencia_unidade": "semanal",
      "tempo_servico": 61,
      "prioridade": 3
    },
    {
      "id": 9,
      "lat": -23.360714,
      "lon": -47.007806,
      "modalidade": "AD2",
      "janela_inicio": 420,
      "janela_fim": 1080,
      "frequencia": 2,
      "frequencia_unidade": "semanal",
      "tempo_servico": 41,
      "prioridade": 2
    },
    {
      "id": 10,
      "lat": -23.500955,
      "lon": -46.821272,
      "modalidade": "AD2",
      "janela_inicio": 420,
      "janela_fim": 1080,
      "frequencia": 1,
      "frequencia_unidade": "semanal",
      "tempo_servico": 48,
      "prioridade": 2
    },
    {
      "id": 11,
      "lat": -23.417003,
      "lon": -46.73111,
      "modalidade": "AD2",
      "janela_inicio": 420,
      "janela_fim": 720,
      "frequencia": 2,
      "frequencia_unidade": "semanal",
      "tempo_servico": 52,
      "prioridade": 2
    },
    {
      "id": 12,
      "lat": -23.289191,
      "lon": -46.782275,
      "modalidade": "AD2",
      "janela_inicio": 780,
      "janela_fim": 1080,
      "frequencia": 1,
      "frequencia_unidade": "semanal",
      "tempo_servico": 60,
      "prioridade": 2
    },
    {
      "id": 13,
      "lat": -23.427961,
      "lon": -46.740649,
      "modalidade": "AD2",
      "janela_inicio": 780,
      "janela_fim": 1080,
      "frequencia": 2,
      "frequencia_unidade": "semanal",
      "tempo_servico": 59,
      "prioridade": 2
    },
    {
      "id": 14,
      "lat": -23.332532,
      "lon": -46.733499,
      "modalidade": "AD3",
      "janela_inicio": 420,
      "janela_fim": 720,
      "frequencia": 5,
      "frequencia_unidade": "semanal",
      "tempo_servico": 50,
      "prioridade": 3
    },
    {
      "id": 15,
      "lat": -23.466303,
      "lon": -46.799071,
      "modalidade": "AD2",
      "janela_inicio": 780,
      "janela_fim": 1080,
      "frequencia": 2,
      "frequencia_unidade": "semanal",
      "tempo_servico": 47,
      "prioridade": 2
    },
    {
      "id": 16,
      "lat": -23.311276,
      "lon": -46.637658,
      "modalidade": "AD2",
      "janela_inicio": 420,
      "janela_fim": 1080,
      "frequencia": 2,
      "frequencia_unidade": "semanal",
      "tempo_servico": 36,
      "prioridade": 2
    },
    {
      "id": 17,
      "lat": -23.394687,
      "lon": -46.831019,
      "modalidade": "AD2",
      "janela_inicio": 420,
      "janela_fim": 720,
      "frequencia": 3,
      "frequencia_unidade": "semanal",
      "tempo_servico": 54,
      "prioridade": 2
    },
    {
      "id": 18,
      "lat": -23.39258,
      "lon": -46.751224,
      "modalidade": "AD3",
      "janela_inicio": 420,
      "janela_fim": 720,
      "frequencia": 7,
      "frequencia_unidade": "semanal",
      "tempo_servico": 90,
      "prioridade": 3
    },
    {
      "id": 19,
      "lat": -23.353721,
      "lon": -46.864222,
      "modalidade": "AD2",
      "janela_inicio": 420,
      "janela_fim": 1080,
      "frequencia": 3,
      "frequencia_unidade": "semanal",
      "tempo_servico": 42,
      "prioridade": 2
    },
    {
      "id": 20,
      "lat": -23.342038,
      "lon": -46.703064,
      "modalidade": "AD3",
      "janela_inicio": 420,
      "janela_fim": 720,
      "frequencia": 6,
      "frequencia_unidade": "semanal",
      "tempo_servico": 86,
      "prioridade": 3
    }
  ],
  "matriz_tempos": [
    [
      0.0,
      154.56145076392107,
      154.33213801920505,
      161.63913067110968,
      173.33162282109922,
      130.34088868139233,
      127.61170723210836,
      123.352147656347,
      106.09805593030055,
      84.94724314174658,
      143.48281309713087,
      146.6122591995624,
      119.66543763151509,
      146.27293937931285,
      135.2392417603549,
      141.14963264153457,
      154.9232951559371,
      123.07907795126027,
      138.97500903266325,
      110.10451555426198,
      143.07625899400418
    ],
    [
      154.56145076392107,
      0.0,
      18.118016774615118,
      9.638077515741392,
      25.09131075495177,
      37.86635638628019,
      39.48755395108848,
      69.21504142001828,
      55.990793354541815,
      74.76577638031175,
      27.3499683657376,
      10.74947432015851,
      47.03431724005678,
      8.959229807394516,
      33.13698369231031,
      19.356830934834434,
      43.69616066048013,
      31.58755016518021,
      18.53110894068901,
      44.512833278178896,
      30.760880402140547
    ],
    [
      154.33213801920505,
      18.118016774615118,
      0.0,
      26.092733233140994,
      19.169879579326032,
      27.046108204776562,
      52.477020476969415,
      83.37136331395084,
      49.968711064595325,
      80.36048445408171,
      43.70574138966732,
      12.969074166536439,
      38.0251119410996,
      16.35382786303593,
      21.544530352710556,
      33.88579248944605,
      25.637811325412024,
      36.43842304450287,
      16.948578410305775,
      46.11717397403747,
      15.819611813438561
    ],
    [
      161.63913067110968,
      9.638077515741392,
      26.092733233140994,
      0.0,
      26.645701317974535,
      47.50393309041978,
      41.40785009149921,
      69.05428490340873,
      65.15121071873946,
      80.08614967297864,
      26.487247859729436,
      20.380611423384206,
      56.59303392029314,
      18.24752031971763,
      42.744078054580015,
      22.005192920256526,
      51.59736658473542,
      38.6929673162177,
      28.00342977874122,
      52.12178739580929,
      40.00843100766856
    ],
    [
      173.33162282109922,
      25.09131075495177,
      19.169879579326032,
      26.645701317974535,
      0.0,
      45.72466251010097,
      64.55451055765967,
      94.19052401566606,
      69.09799816384941,
      97.47317445626027,
      51.879553500300744,
      28.056885799180623,
      56.86383215225283,
      29.848555906958886,
      40.23781686384781,
      44.4462015653702,
      34.94930871835987,
      53.23952231458721,
      34.744805666151436,
      64.29956391867749,
      33.43632195886364
    ],
    [
      130.34088868139233,
      37.86635638628019,
      27.046108204776562,
      47.50393309041978,
      45.72466251010097,
      0.0,
      52.74289059171008,
      82.07592179653331,
      24.298458581747994,
      64.86748962239587,
      52.46038783293549,
      27.147293380390654,
      11.194185716934506,
      29.820019995622083,
      5.507510607788454,
      41.950700185718595,
      26.957751288037073,
      29.241813443701243,
      20.350844862002752,
      30.28314589151038,
      12.863134382270967
    ],
    [
      127.61170723210836,
      39.48755395108848,
      52.477020476969415,
      41.40785009149921,
      64.55451055765967,
      52.74289059171008,
      0.0,
      31.002685253664755,
      53.617989904626654,
      42.80014919644292,
      16.6729960094219,
      39.51025581948488,
      54.31152475905026,
      36.31137889629103,
      51.776611162549,
      20.157403435856743,
      73.37131455769541,
      23.860342540763607,
      38.142841229911184,
      31.656099495790944,
      55.625412970699955
    ],
    [
      123.352147656347,
      69.21504142001828,
      83.37136331395084,
      69.05428490340873,
      94.19052401566606,
      82.07592179653331,
      31.002685253664755,
      0.0,
      77.24492271757511,
      44.12563336371442,
      42.59801674956374,
      70.4062731048873,
      81.53525666956996,
      67.09436555676241,
      81.8459276891399,
      50.08801842719924,
      104.17684110653376,
      52.88556667572663,
      69.06504363700088,
      55.6819197943795,
      86.2969317170598
    ],
    [
      106.09805593030055,
      55.990793354541815,
      49.968711064595325,
      65.15121071873946,
      69.09799816384941,
      24.298458581747994,
      53.617989904626654,
      77.24492271757511,
      0.0,
      48.01024046725632,
      60.4588598875205,
      45.792067880308835,
      13.646185672375303,
      47.043279760197734,
      29.40702870935211,
      51.88943506240298,
      49.50777120640991,
      32.016583441590136,
      37.63614824897593,
      22.193950808722843,
      37.12992552628649
    ],
    [
      84.94724314174658,
      74.76577638031175,
      80.36048445408171,
      80.08614967297864,
      97.47317445626027,
      64.86748962239587,
      42.80014919644292,
      44.12563336371442,
      48.01024046725632,
      0.0,
      59.05002015454124,
      69.41862934794126,
      58.471237201060816,
      67.85097873169573,
      67.62957631458151,
      58.37006100071428,
      91.65462999187677,
      44.24467427641907,
      63.42561011098358,
      35.227294330469086,
      74.83069191334017
    ],
    [
      143.48281309713087,
      27.3499683657376,
      43.70574138966732,
      26.487247859729436,
      51.879553500300744,
      52.46038783293549,
      16.6729960094219,
      42.59801674956374,
      60.4588598875205,
      59.05002015454124,
      0.0,
      31.45060667799386,
      57.31447739230135,
      27.730664258827904,
      49.82188353610035,
      10.725893701073042,
      67.70871161624709,
      28.45973531446345,
      33.624307155298474,
      40.67520164843004,
      51.34690642207505
    ],
    [
      146.6122591995624,
      10.74947432015851,
      12.969074166536439,
      20.380611423384206,
      28.056885799180623,
      27.147293380390654,
      39.51025581948488,
      70.4062731048873,
      45.792067880308835,
      69.41862934794126,
      31.45060667799386,
      0.0,
      36.33953845973288,
      3.7427422239335453,
      22.550187103878294,
      21.212629854818193,
      36.33519341150369,
      25.18287033322053,
      8.16990199560978,
      36.71929387047165,
      21.152486311202054
    ],
    [
      119.66543763151509,
      47.03431724005678,
      38.0251119410996,
      56.59303392029314,
      56.86383215225283,
      11.194185716934506,
      54.31152475905026,
      81.53525666956996,
      13.646185672375303,
      58.471237201060816,
      57.31447739230135,
      36.33953845973288,
      0.0,
      38.411775639839625,
      16.633783431104238,
      47.44422842686841,
      35.93276129715815,
      30.58214631962507,
      28.620998413416746,
      26.454868015684315,
      23.994783679962655
    ],
    [
      146.27293937931285,
      8.959229807394516,
      16.35382786303593,
      18.24752031971763,
      29.848555906958886,
      29.820019995622083,
      36.31137889629103,
      67.09436555676241,
      47.043279760197734,
      67.85097873169573,
      27.730664258827904,
      3.7427422239335453,
      38.411775639839625,
      0.0,
      25.527084033858124,
      17.58666993350044,
      40.07782623254786,
      23.846410739547796,
      9.790785531316098,
      36.175222068587246,
      24.7092136693249
    ],
    [
      135.2392417603549,
      33.13698369231031,
      21.544530352710556,
      42.744078054580015,
      40.23781686384781,
      5.507510607788454,
      51.776611162549,
      81.8459276891399,
      29.40702870935211,
      67.62957631458151,
      49.82188353610035,
      22.550187103878294,
      16.633783431104238,
      25.527084033858124,
      0.0,
      39.14526410284267,
      24.162422102270128,
      29.084664403729835,
      16.602811571605173,
      32.52561569061789,
      7.877309336898456
    ],
    [
      141.14963264153457,
      19.356830934834434,
      33.88579248944605,
      22.005192920256526,
      44.4462015653702,
      41.950700185718595,
      20.157403435856743,
      50.08801842719924,
      51.88943506240298,
      58.37006100071428,
      10.725893701073042,
      21.212629854818193,
      47.44422842686841,
      17.58666993350044,
      39.14526410284267,
      0.0,
      57.22544138928455,
      20.651056432922953,
      22.89854851058301,
      34.01839727168967,
      40.65231925020655
    ],
    [
      154.9232951559371,
      43.69616066048013,
      25.637811325412024,
      51.59736658473542,
      34.94930871835987,
      26.957751288037073,
      73.37131455769541,
      104.17684110653376,
      49.50777120640991,
      91.65462999187677,
      67.70871161624709,
      36.33519341150369,
      35.93276129715815,
      40.07782623254786,
      24.162422102270128,
      57.22544138928455,
      0.0,
      52.343560922058806,
      35.28434696161049,
      56.66186026136109,
      18.00811607508802
    ],
    [
      123.07907795126027,
      31.58755016518021,
      36.43842304450287,
      38.6929673162177,
      53.23952231458721,
      29.241813443701243,
      23.860342540763607,
      52.88556667572663,
      32.016583441590136,
      44.24467427641907,
      28.45973531446345,
      25.18287033322053,
      30.58214631962507,
      23.846410739547796,
      29.084664403729835,
      20.651056432922953,
      52.343560922058806,
      0.0,
      19.552352219343106,
      13.626288200297319,
      34.35098977890595
    ],
    [
      138.97500903266325,
      18.53110894068901,
      16.948578410305775,
      28.00342977874122,
      34.744805666151436,
      20.350844862002752,
      38.142841229911184,
      69.06504363700088,
      37.63614824897593,
      63.42561011098358,
      33.624307155298474,
      8.16990199560978,
      28.620998413416746,
      9.790785531316098,
      16.602811571605173,
      22.89854851058301,
      35.28434696161049,
      19.552352219343106,
      0.0,
      29.559741753675134,
      17.919960505326507
    ],
    [
      110.10451555426198,
      44.512833278178896,
      46.11717397403747,
      52.12178739580929,
      64.29956391867749,
      30.28314589151038,
      31.656099495790944,
      55.6819197943795,
      22.193950808722843,
      35.227294330469086,
      40.67520164843004,
      36.71929387047165,
      26.454868015684315,
      36.175222068587246,
      32.52561569061789,
      34.01839727168967,
      56.66186026136109,
      13.626288200297319,
      29.559741753675134,
      0.0,
      39.609103986638495
    ],
    [
      143.07625899400418,
      30.760880402140547,
      15.819611813438561,
      40.00843100766856,
      33.43632195886364,
      12.863134382270967,
      55.625412970699955,
      86.2969317170598,
      37.12992552628649,
      74.83069191334017,
      51.34690642207505,
      21.152486311202054,
      23.994783679962655,
      24.7092136693249,
      7.877309336898456,
      40.65231925020655,
      18.00811607508802,
      34.35098977890595,
      17.919960505326507,
      39.609103986638495,
      0.0
    ]
  ]
}