{
  "metadata": {
    "nome": "pequena_10",
    "data_geracao": "2026-01-13T19:51:48.924559",
    "n_pacientes": 10,
    "n_equipes": 1,
    "municipio": null,
    "seed": 42,
    "fonte_equipes": "CNES/DATASUS 2025",
    "fonte_demografia": "IBGE Censo 2022",
    "fonte_demanda": "SIA/DATASUS Nov/2025"
  },
  "equipes": [
    {
      "id": 1,
      "codigo_unidade": 3550302027038,
      "tipo": "EMAD1",
      "lat": -23.61173963814688,
      "lon": -46.46362947446708,
      "capacidade_diaria": 374
    }
  ],
  "pacientes": [
    {
      "id": 1,
      "lat": -23.566991,
      "lon": -46.477224,
      "modalidade": "AD3",
      "janela_inicio": 780,
      "janela_fim": 1080,
      "frequencia": 7,
      "frequencia_unidade": "semanal",
      "tempo_servico": 63,
      "prioridade": 3
    },
    {
      "id": 2,
      "lat": -23.620264,
      "lon": -46.554953,
      "modalidade": "AD2",
      "janela_inicio": 420,
      "janela_fim": 720,
      "frequencia": 3,
      "frequencia_unidade": "semanal",
      "tempo_servico": 51,
      "prioridade": 2
    },
    {
      "id": 3,
      "lat": -23.604548,
      "lon": -46.479313,
      "modalidade": "AD3",
      "janela_inicio": 420,
      "janela_fim": 720,
      "frequencia": 5,
      "frequencia_unidade": "semanal",
      "tempo_servico": 77,
      "prioridade": 3
    },
    {
      "id": 4,
      "lat": -23.589941,
      "lon": -46.651746,
      "modalidade": "AD2",
      "janela_inicio": 420,
      "janela_fim": 720,
      "frequencia": 3,
      "frequencia_unidade": "semanal",
      "tempo_servico": 60,
      "prioridade": 2
    },
    {
      "id": 5,
      "lat": -23.650302,
      "lon": -46.536624,
      "modalidade": "AD2",
      "janela_inicio": 780,
      "janela_fim": 1080,
      "frequencia": 3,
      "frequencia_unidade": "semanal",
      "tempo_servico": 59,
      "prioridade": 2
    },
    {
      "id": 6,
      "lat": -23.605656,
      "lon": -46.603713,
      "modalidade": "AD2",
      "janela_inicio": 420,
      "janela_fim": 720,
      "frequencia": 3,
      "frequencia_unidade": "semanal",
      "tempo_servico": 36,
      "prioridade": 2
    },
    {
      "id": 7,
      "lat": -23.665817,
      "lon": -46.370476,
      "modalidade": "AD2",
      "janela_inicio": 780,
      "janela_fim": 1080,
      "frequencia": 3,
      "frequencia_unidade": "semanal",
      "tempo_servico": 57,
      "prioridade": 2
    },
    {
      "id": 8,
      "lat": -23.612956,
      "lon": -46.567625,
      "modalidade": "AD2",
      "janela_inicio": 420,
      "janela_fim": 1080,
      "frequencia": 2,
      "frequencia_unidade": "semanal",
      "tempo_servico": 37,
      "prioridade": 2
    },
    {
      "id": 9,
      "lat": -23.651987,
      "lon": -46.313764,
      "modalidade": "AD2",
      "janela_inicio": 780,
      "janela_fim": 1080,
      "frequencia": 1,
      "frequencia_unidade": "semanal",
      "tempo_servico": 60,
      "prioridade": 2
    },
    {
      "id": 10,
      "lat": -23.627621,
      "lon": -46.345556,
      "modalidade": "AD2",
      "janela_inicio": 420,
      "janela_fim": 1080,
      "frequencia": 3,
      "frequencia_unidade": "semanal",
      "tempo_servico": 45,
      "prioridade": 2
    }
  ],
  "matriz_tempos": [
    [
      0.0,
      12.396162631205561,
      22.445811116525356,
      4.28854673503437,
      46.36952986456326,
      20.6009824520011,
      34.293286460402335,
      26.961288680096654,
      25.43154551226688,
      38.18217273739674,
      29.17969665746421
    ],
    [
      12.396162631205561,
      0.0,
      23.737629542694563,
      10.035768521638586,
      43.123104418936705,
      26.55726119805998,
      32.611275452201106,
      37.10605914292789,
      25.283966505312232,
      45.95840812961544,
      36.03642343209415
    ],
    [
      22.445811116525356,
      23.737629542694563,
      0.0,
      18.96540300132416,
      25.01466667844571,
      9.18364882432916,
      12.544111714843764,
      46.70832967375392,
      3.6611959547332713,
      59.57058317627384,
      51.235834025230396
    ],
    [
      4.28854673503437,
      10.035768521638586,
      18.96540300132416,
      0.0,
      42.34877194912552,
      18.585920003465766,
      30.42198974449381,
      31.230894096107058,
      21.711315893040297,
      42.409578498626836,
      33.28052926147139
    ],
    [
      46.36952986456326,
      43.123104418936705,
      25.01466667844571,
      42.34877194912552,
      0.0,
      32.43175687809651,
      12.472763059671758,
      71.68843489813658,
      21.468699098543937,
      84.28199564840718,
      75.54526111694003
    ],
    [
      20.6009824520011,
      26.55726119805998,
      9.18364882432916,
      18.585920003465766,
      32.43175687809651,
      0.0,
      20.273488057207786,
      40.82361603008384,
      12.521072601256174,
      54.480480984086284,
      47.101877482842326
    ],
    [
      34.293286460402335,
      32.611275452201106,
      12.544111714843764,
      30.42198974449381,
      12.472763059671758,
      20.273488057207786,
      0.0,
      59.23912781186943,
      9.0370906551855,
      71.9609260757732,
      63.39526719613461
    ],
    [
      26.961288680096654,
      37.10605914292789,
      46.70832967375392,
      31.230894096107058,
      71.68843489813658,
      40.82361603008384,
      59.23912781186943,
      0.0,
      50.219883033131424,
      14.345462093161952,
      11.874971863582038
    ],
    [
      25.43154551226688,
      25.283966505312232,
      3.6611959547332713,
      21.711315893040297,
      21.468699098543937,
      12.521072601256174,
      9.0370906551855,
      50.219883033131424,
      0.0,
      62.93370731381736,
      54.43891613658071
    ],
    [
      38.18217273739674,
      45.95840812961544,
      59.57058317627384,
      42.409578498626836,
      84.28199564840718,
      54.480480984086284,
      71.9609260757732,
      14.345462093161952,
      62.93370731381736,
      0.0,
      10.133665013283224
    ],
    [
      29.17969665746421,
      36.03642343209415,
      51.235834025230396,
      33.28052926147139,
      75.54526111694003,
      47.101877482842326,
      63.39526719613461,
      11.874971863582038,
      54.43891613658071,
      10.133665013283224,
      0.0
    ]
  ]
}